r(0,0,1,0,0)
r(6,0,1,0,1)
r(4,0,1,0,2)
r(2,0,1,0,3)
r(1,0,1,0,4)
r(14,0,1,0,5)
r(15,0,1,0,6)
r(10,0,1,0,7)
r(0,0,1,0,8)
r(17,0,1,0,9)
r(1,0,1,0,10)
r(3,0,1,0,11)
r(0,0,1,0,12)
r(4,0,1,0,13)
r(9,0,1,0,14)
r(0,0,1,0,15)
r(0,0,1,0,16)
r(4,0,1,0,17)
r(0,0,1,0,18)
r(2,0,1,0,19)
r(3,0,1,0,20)
r(10,0,1,0,21)
r(6,0,1,0,22)
r(4,0,1,0,23)
r(6,0,1,0,24)
r(19,90009,1,4,100)
r(0,60030,1,4,101)
r(7,60031,1,4,102)
r(8,20032,1,4,103)
r(16,90004,1,4,104)
r(0,60030,1,4,105)
r(7,60031,1,4,106)
r(1,20036,1,4,107)
r(0,60030,1,4,108)
r(13,80019,1,4,109)
r(10,20018,1,4,110)
r(0,60030,1,4,111)
r(4,20022,1,4,112)
r(1,20036,1,4,113)
r(2,60026,1,4,114)
r(0,60030,1,4,115)
r(0,60030,1,4,116)
r(11,6,1,4,117)
r(0,60030,1,4,118)
r(0,60030,1,4,119)
r(18,80037,1,4,120)
r(16,90004,1,4,121)
r(15,0,1,4,122)
r(5,20040,1,4,123)
r(0,60030,1,4,124)
w(5,10053,1,6,150)
w(1,10054,1,6,151)
w(6,10055,1,6,152)
w(2,10056,1,6,153)
w(4,10057,1,6,154)
w(2,10058,1,6,155)
w(0,10059,1,6,156)
w(3,10060,1,6,157)
w(0,10061,1,6,158)
w(3,10062,1,6,159)
w(0,10063,1,6,160)
w(0,10064,1,6,161)
w(1,10065,1,6,162)
w(2,10066,1,6,163)
w(2,10067,1,6,164)
w(14,10068,1,6,165)
w(0,10069,1,6,166)
w(2,10070,1,6,167)
w(1,10071,1,6,168)
w(0,10072,1,6,169)
w(7,10073,1,6,170)
w(1,10074,1,6,171)
w(0,10075,1,6,172)
w(0,10076,1,6,173)
w(3,10077,1,6,174)
r(0,10076,1,7,175)
r(12,50051,1,7,176)
r(10,20018,1,7,177)
r(8,20032,1,7,178)
r(4,10057,1,7,179)
r(3,10077,1,7,180)
r(3,10077,1,7,181)
r(1,10074,1,7,182)
r(15,0,1,7,183)
r(0,10076,1,7,184)
r(0,10076,1,7,185)
r(9,90005,1,7,186)
r(7,10073,1,7,187)
r(7,10073,1,7,188)
r(1,10074,1,7,189)
r(4,10057,1,7,190)
r(0,10076,1,7,191)
r(0,10076,1,7,192)
r(15,0,1,7,193)
r(2,10070,1,7,194)
r(3,10077,1,7,195)
r(1,10074,1,7,196)
r(3,10077,1,7,197)
r(2,10070,1,7,198)
r(2,10070,1,7,199)
r(0,70195,1,15,375)
r(17,40081,1,15,376)
r(5,20175,1,15,377)
r(17,40081,1,15,378)
r(5,20175,1,15,379)
r(9,40189,1,15,380)
r(1,70191,1,15,381)
r(19,90009,1,15,382)
r(2,70193,1,15,383)
r(1,70191,1,15,384)
w(0,10174,1,15,385)
w(0,10175,1,15,386)
w(0,10176,1,15,387)
w(2,10177,1,15,388)
w(7,10178,1,15,389)
w(0,10179,1,15,390)
w(14,10180,1,15,391)
w(0,10181,1,15,392)
w(10,10182,1,15,393)
w(3,10183,1,15,394)
w(2,10184,1,15,395)
w(3,10185,1,15,396)
w(1,10186,1,15,397)
w(15,10187,1,15,398)
w(9,10188,1,15,399)
r(2,10184,1,16,400)
r(19,50170,1,16,401)
r(2,10184,1,16,402)
r(15,10187,1,16,403)
r(0,10181,1,16,404)
r(0,10181,1,16,405)
r(8,70196,1,16,406)
r(19,50170,1,16,407)
r(0,10181,1,16,408)
r(0,10181,1,16,409)
r(3,10185,1,16,410)
r(4,60146,1,16,411)
r(0,10181,1,16,412)
r(16,60152,1,16,413)
r(0,10181,1,16,414)
w(3,10189,1,16,415)
w(12,10190,1,16,416)
w(3,10191,1,16,417)
w(0,10192,1,16,418)
w(6,10193,1,16,419)
w(0,10194,1,16,420)
w(1,10195,1,16,421)
w(0,10196,1,16,422)
w(0,10197,1,16,423)
w(1,10198,1,16,424)
r(15,10187,1,19,475)
r(1,60212,1,19,476)
r(1,60212,1,19,477)
r(12,10190,1,19,478)
r(2,60209,1,19,479)
r(0,60217,1,19,480)
r(1,60212,1,19,481)
r(9,60204,1,19,482)
r(3,60207,1,19,483)
r(6,60211,1,19,484)
r(6,60211,1,19,485)
r(1,60212,1,19,486)
r(0,60217,1,19,487)
r(0,60217,1,19,488)
r(8,246,1,19,489)
w(8,10239,1,19,490)
w(7,10240,1,19,491)
w(1,10241,1,19,492)
w(3,10242,1,19,493)
w(3,10243,1,19,494)
w(1,10244,1,19,495)
w(16,10245,1,19,496)
w(0,10246,1,19,497)
w(0,10247,1,19,498)
w(0,10248,1,19,499)
r(8,90243,1,21,525)
r(4,90247,1,21,526)
r(1,90251,1,21,527)
r(0,20285,1,21,528)
r(0,20285,1,21,529)
r(0,20285,1,21,530)
r(3,20278,1,21,531)
r(0,20285,1,21,532)
r(0,20285,1,21,533)
r(8,90243,1,21,534)
r(19,20276,1,21,535)
r(0,20285,1,21,536)
r(3,20278,1,21,537)
r(14,20282,1,21,538)
r(10,30226,1,21,539)
r(1,90251,1,21,540)
r(0,20285,1,21,541)
r(8,90243,1,21,542)
r(7,20283,1,21,543)
r(4,90247,1,21,544)
r(0,20285,1,21,545)
r(6,90233,1,21,546)
r(9,20275,1,21,547)
r(0,20285,1,21,548)
r(4,90247,1,21,549)
r(8,90243,1,22,550)
r(12,30260,1,22,551)
r(0,30265,1,22,552)
r(18,70215,1,22,553)
r(15,90242,1,22,554)
r(0,30265,1,22,555)
r(13,30258,1,22,556)
r(0,30265,1,22,557)
r(1,90251,1,22,558)
r(12,30260,1,22,559)
r(11,90246,1,22,560)
r(5,30267,1,22,561)
r(0,30265,1,22,562)
r(6,90233,1,22,563)
r(0,30265,1,22,564)
r(0,30265,1,22,565)
r(6,90233,1,22,566)
r(18,70215,1,22,567)
r(0,30265,1,22,568)
r(9,20275,1,22,569)
r(19,20276,1,22,570)
r(2,30263,1,22,571)
r(0,30265,1,22,572)
r(11,90246,1,22,573)
r(1,90251,1,22,574)
w(0,10259,1,23,575)
w(6,10260,1,23,576)
w(1,10261,1,23,577)
w(2,10262,1,23,578)
w(0,10263,1,23,579)
w(2,10264,1,23,580)
w(7,10265,1,23,581)
w(13,10266,1,23,582)
w(0,10267,1,23,583)
w(0,10268,1,23,584)
w(0,10269,1,23,585)
w(13,10270,1,23,586)
w(16,10271,1,23,587)
w(10,10272,1,23,588)
w(0,10273,1,23,589)
w(1,10274,1,23,590)
w(2,10275,1,23,591)
w(1,10276,1,23,592)
w(2,10277,1,23,593)
w(0,10278,1,23,594)
w(0,10279,1,23,595)
w(1,10280,1,23,596)
w(0,10281,1,23,597)
w(16,10282,1,23,598)
w(0,10283,1,23,599)
r(4,90247,1,24,600)
r(0,10283,1,24,601)
r(14,30261,1,24,602)
r(14,30261,1,24,603)
r(1,10280,1,24,604)
r(0,10283,1,24,605)
r(1,10280,1,24,606)
r(3,40309,1,24,607)
r(0,10283,1,24,608)
r(0,10283,1,24,609)
r(5,40315,1,24,610)
r(0,10283,1,24,611)
r(0,10283,1,24,612)
r(6,10260,1,24,613)
r(0,10283,1,24,614)
r(12,30260,1,24,615)
r(6,10260,1,24,616)
r(1,10280,1,24,617)
r(7,10265,1,24,618)
r(17,30230,1,24,619)
r(4,90247,1,24,620)
r(0,10283,1,24,621)
r(3,40309,1,24,622)
r(1,10280,1,24,623)
r(0,10283,1,24,624)
r(9,70307,1,28,700)
r(8,90326,1,28,701)
r(6,50310,1,28,702)
r(2,90323,1,28,703)
r(12,60289,1,28,704)
r(4,90318,1,28,705)
r(1,90319,1,28,706)
r(0,50316,1,28,707)
r(0,50316,1,28,708)
r(10,50278,1,28,709)
r(0,50316,1,28,710)
r(0,50316,1,28,711)
r(0,50316,1,28,712)
r(0,50316,1,28,713)
r(12,60289,1,28,714)
r(9,70307,1,28,715)
r(3,50304,1,28,716)
r(0,50316,1,28,717)
r(2,90323,1,28,718)
r(0,50316,1,28,719)
r(10,50278,1,28,720)
r(13,90335,1,28,721)
r(0,50316,1,28,722)
r(12,60289,1,28,723)
r(6,50310,1,28,724)
r(4,90353,1,32,800)
r(12,60289,1,32,801)
r(0,20372,1,32,802)
r(7,90331,1,32,803)
r(8,20364,1,32,804)
r(10,90355,1,32,805)
r(1,20374,1,32,806)
r(12,60289,1,32,807)
r(8,20364,1,32,808)
r(1,20374,1,32,809)
r(3,20363,1,32,810)
r(0,20372,1,32,811)
r(0,20372,1,32,812)
r(11,20366,1,32,813)
r(0,20372,1,32,814)
r(3,20363,1,32,815)
r(0,20372,1,32,816)
r(4,90353,1,32,817)
r(3,20363,1,32,818)
r(14,90315,1,32,819)
r(0,20372,1,32,820)
r(3,20363,1,32,821)
r(1,20374,1,32,822)
r(1,20374,1,32,823)
r(0,20372,1,32,824)
r(1,20374,1,33,825)
r(4,20392,1,33,826)
r(7,20396,1,33,827)
r(0,20398,1,33,828)
r(4,20392,1,33,829)
r(5,20394,1,33,830)
r(1,20374,1,33,831)
r(1,20374,1,33,832)
r(9,70307,1,33,833)
r(5,20394,1,33,834)
r(4,20392,1,33,835)
r(2,20395,1,33,836)
r(10,90355,1,33,837)
r(0,20398,1,33,838)
r(8,20364,1,33,839)
r(0,20398,1,33,840)
r(1,20374,1,33,841)
r(0,20398,1,33,842)
r(17,50302,1,33,843)
r(0,20398,1,33,844)
r(2,20395,1,33,845)
r(0,20398,1,33,846)
r(0,20398,1,33,847)
r(8,20364,1,33,848)
r(15,90334,1,33,849)
r(13,80392,1,35,875)
r(15,20426,1,35,876)
r(6,20427,1,35,877)
r(19,20397,1,35,878)
r(5,20432,1,35,879)
r(1,20434,1,35,880)
r(19,20397,1,35,881)
r(7,20396,1,35,882)
r(2,20433,1,35,883)
r(1,20434,1,35,884)
r(10,20430,1,35,885)
r(0,20431,1,35,886)
r(1,20434,1,35,887)
r(0,20431,1,35,888)
r(17,20428,1,35,889)
w(13,10376,1,35,890)
w(0,10377,1,35,891)
w(4,10378,1,35,892)
w(3,10379,1,35,893)
w(3,10380,1,35,894)
w(3,10381,1,35,895)
w(0,10382,1,35,896)
w(13,10383,1,35,897)
w(0,10384,1,35,898)
w(3,10385,1,35,899)
w(0,10386,1,36,900)
w(17,10387,1,36,901)
w(5,10388,1,36,902)
w(14,10389,1,36,903)
w(12,10390,1,36,904)
w(0,10391,1,36,905)
w(1,10392,1,36,906)
w(6,10393,1,36,907)
w(4,10394,1,36,908)
w(5,10395,1,36,909)
w(0,10396,1,36,910)
w(0,10397,1,36,911)
w(1,10398,1,36,912)
w(0,10399,1,36,913)
w(12,10400,1,36,914)
w(3,10401,1,36,915)
w(1,10402,1,36,916)
w(14,10403,1,36,917)
w(1,10404,1,36,918)
w(3,10405,1,36,919)
w(1,10406,1,36,920)
w(1,10407,1,36,921)
w(4,10408,1,36,922)
w(1,10409,1,36,923)
w(2,10410,1,36,924)
r(1,10409,1,37,925)
r(5,10395,1,37,926)
r(4,10408,1,37,927)
r(0,10399,1,37,928)
r(7,20459,1,37,929)
r(6,10393,1,37,930)
r(0,10399,1,37,931)
r(0,10399,1,37,932)
r(5,10395,1,37,933)
r(1,10409,1,37,934)
r(0,10399,1,37,935)
w(0,10411,1,37,936)
w(1,10412,1,37,937)
w(4,10413,1,37,938)
w(19,10414,1,37,939)
w(2,10415,1,37,940)
w(1,10416,1,37,941)
w(2,10417,1,37,942)
w(0,10418,1,37,943)
w(11,10419,1,37,944)
w(12,10420,1,37,945)
w(0,10421,1,37,946)
w(1,10422,1,37,947)
w(5,10423,1,37,948)
w(3,10424,1,37,949)
r(13,40518,1,45,1125)
r(4,40513,1,45,1126)
r(2,40520,1,45,1127)
r(10,50492,1,45,1128)
r(1,40514,1,45,1129)
r(2,40520,1,45,1130)
r(2,40520,1,45,1131)
r(7,90511,1,45,1132)
r(2,40520,1,45,1133)
r(0,40508,1,45,1134)
r(5,50482,1,45,1135)
r(0,40508,1,45,1136)
r(11,50483,1,45,1137)
r(7,90511,1,45,1138)
r(0,40508,1,45,1139)
r(4,40513,1,45,1140)
r(13,40518,1,45,1141)
r(10,50492,1,45,1142)
r(2,40520,1,45,1143)
r(3,50488,1,45,1144)
r(11,50483,1,45,1145)
r(9,50494,1,45,1146)
r(0,40508,1,45,1147)
r(4,40513,1,45,1148)
r(1,40514,1,45,1149)
r(3,50488,1,46,1150)
r(18,40521,1,46,1151)
r(2,30517,1,46,1152)
r(13,30520,1,46,1153)
r(0,30516,1,46,1154)
r(3,50488,1,46,1155)
r(1,30514,1,46,1156)
r(3,50488,1,46,1157)
r(8,30515,1,46,1158)
r(8,30515,1,46,1159)
r(0,30516,1,46,1160)
r(4,30512,1,46,1161)
r(2,30517,1,46,1162)
r(1,30514,1,46,1163)
r(8,30515,1,46,1164)
r(0,30516,1,46,1165)
r(0,30516,1,46,1166)
r(0,30516,1,46,1167)
r(7,90511,1,46,1168)
r(0,30516,1,46,1169)
r(0,30516,1,46,1170)
r(0,30516,1,46,1171)
r(0,30516,1,46,1172)
r(1,30514,1,46,1173)
r(2,30517,1,46,1174)
r(1,70597,1,50,1250)
r(1,70597,1,50,1251)
r(17,30585,1,50,1252)
r(3,654,1,50,1253)
r(8,40550,1,50,1254)
r(17,30585,1,50,1255)
r(1,70597,1,50,1256)
r(1,70597,1,50,1257)
r(6,30569,1,50,1258)
r(1,70597,1,50,1259)
r(2,70596,1,50,1260)
r(12,60496,1,50,1261)
r(9,70591,1,50,1262)
r(17,30585,1,50,1263)
w(2,10575,1,50,1264)
w(0,10576,1,50,1265)
w(17,10577,1,50,1266)
w(5,10578,1,50,1267)
w(12,10579,1,50,1268)
w(0,10580,1,50,1269)
w(0,10581,1,50,1270)
w(0,10582,1,50,1271)
w(14,10583,1,50,1272)
w(9,10584,1,50,1273)
w(0,10585,1,50,1274)
r(1,20692,1,53,1325)
r(8,80661,1,53,1326)
r(1,20692,1,53,1327)
r(6,20685,1,53,1328)
r(12,80652,1,53,1329)
r(5,50556,1,53,1330)
r(0,20690,1,53,1331)
r(1,20692,1,53,1332)
r(1,20692,1,53,1333)
r(15,20688,1,53,1334)
r(0,20690,1,53,1335)
r(14,10583,1,53,1336)
r(0,20690,1,53,1337)
r(0,20690,1,53,1338)
r(0,20690,1,53,1339)
r(3,20693,1,53,1340)
r(0,20690,1,53,1341)
r(0,20690,1,53,1342)
r(0,20690,1,53,1343)
r(1,20692,1,53,1344)
r(6,20685,1,53,1345)
r(5,50556,1,53,1346)
r(0,20690,1,53,1347)
r(9,40585,1,53,1348)
r(19,50562,1,53,1349)
r(1,80691,1,56,1400)
r(0,80697,1,56,1401)
r(2,80692,1,56,1402)
r(19,50562,1,56,1403)
r(4,40627,1,56,1404)
r(2,80692,1,56,1405)
r(5,40623,1,56,1406)
r(4,40627,1,56,1407)
r(1,80691,1,56,1408)
r(3,80698,1,56,1409)
r(3,80698,1,56,1410)
r(1,80691,1,56,1411)
r(0,80697,1,56,1412)
r(10,40625,1,56,1413)
w(0,10639,1,56,1414)
w(0,10640,1,56,1415)
w(0,10641,1,56,1416)
w(4,10642,1,56,1417)
w(2,10643,1,56,1418)
w(13,10644,1,56,1419)
w(18,10645,1,56,1420)
w(0,10646,1,56,1421)
w(4,10647,1,56,1422)
w(6,10648,1,56,1423)
w(1,10649,1,56,1424)
r(10,40625,1,57,1425)
r(19,50562,1,57,1426)
r(0,10646,1,57,1427)
r(1,10649,1,57,1428)
r(13,10644,1,57,1429)
r(5,40623,1,57,1430)
r(0,10646,1,57,1431)
r(0,10646,1,57,1432)
r(1,10649,1,57,1433)
r(1,10649,1,57,1434)
r(19,50562,1,57,1435)
r(14,80685,1,57,1436)
r(5,40623,1,57,1437)
r(3,80698,1,57,1438)
r(1,10649,1,57,1439)
r(5,40623,1,57,1440)
r(3,80698,1,57,1441)
r(0,10646,1,57,1442)
r(11,70620,1,57,1443)
r(0,10646,1,57,1444)
r(0,10646,1,57,1445)
r(8,80661,1,57,1446)
r(6,10648,1,57,1447)
r(1,10649,1,57,1448)
r(1,10649,1,57,1449)
r(2,50661,1,60,1500)
r(0,50660,1,60,1501)
r(5,50650,1,60,1502)
r(3,50654,1,60,1503)
r(1,50655,1,60,1504)
r(4,50649,1,60,1505)
r(6,30724,1,60,1506)
r(1,50655,1,60,1507)
r(0,50660,1,60,1508)
r(0,50660,1,60,1509)
r(3,50654,1,60,1510)
r(0,50660,1,60,1511)
r(8,50648,1,60,1512)
r(5,50650,1,60,1513)
r(0,50660,1,60,1514)
r(2,50661,1,60,1515)
r(5,50650,1,60,1516)
r(8,50648,1,60,1517)
r(2,50661,1,60,1518)
r(0,50660,1,60,1519)
r(0,50660,1,60,1520)
r(0,50660,1,60,1521)
r(3,50654,1,60,1522)
r(0,50660,1,60,1523)
r(0,50660,1,60,1524)
r(5,90787,1,65,1625)
r(18,20867,1,65,1626)
r(0,20857,1,65,1627)
r(14,20846,1,65,1628)
r(14,20846,1,65,1629)
r(2,20845,1,65,1630)
r(10,20859,1,65,1631)
r(5,90787,1,65,1632)
r(3,20861,1,65,1633)
r(17,20858,1,65,1634)
r(3,20861,1,65,1635)
r(0,20857,1,65,1636)
r(9,20863,1,65,1637)
r(8,20856,1,65,1638)
r(2,20845,1,65,1639)
r(2,20845,1,65,1640)
r(4,20866,1,65,1641)
r(0,20857,1,65,1642)
r(5,90787,1,65,1643)
r(12,70743,1,65,1644)
r(0,20857,1,65,1645)
r(1,20860,1,65,1646)
r(10,20859,1,65,1647)
r(7,40735,1,65,1648)
r(0,20857,1,65,1649)
r(14,80883,1,69,1725)
r(2,20944,1,69,1726)
r(18,80881,1,69,1727)
r(5,20950,1,69,1728)
r(5,20950,1,69,1729)
r(0,20952,1,69,1730)
r(11,80926,1,69,1731)
r(0,20952,1,69,1732)
r(9,20948,1,69,1733)
r(1,60797,1,69,1734)
r(7,90904,1,69,1735)
r(3,20947,1,69,1736)
r(8,20946,1,69,1737)
r(6,60781,1,69,1738)
r(16,80886,1,69,1739)
r(7,90904,1,69,1740)
r(19,20949,1,69,1741)
r(4,60796,1,69,1742)
r(2,20944,1,69,1743)
r(4,60796,1,69,1744)
r(1,60797,1,69,1745)
r(18,80881,1,69,1746)
r(16,80886,1,69,1747)
r(6,60781,1,69,1748)
r(14,80883,1,69,1749)
r(0,90927,1,70,1750)
r(0,90927,1,70,1751)
r(0,90927,1,70,1752)
r(0,90927,1,70,1753)
r(5,90920,1,70,1754)
r(0,90927,1,70,1755)
r(0,90927,1,70,1756)
r(15,20951,1,70,1757)
r(17,90924,1,70,1758)
r(0,90927,1,70,1759)
w(6,10803,1,70,1760)
w(6,10804,1,70,1761)
w(1,10805,1,70,1762)
w(16,10806,1,70,1763)
w(6,10807,1,70,1764)
w(0,10808,1,70,1765)
w(5,10809,1,70,1766)
w(6,10810,1,70,1767)
w(0,10811,1,70,1768)
w(6,10812,1,70,1769)
w(4,10813,1,70,1770)
w(5,10814,1,70,1771)
w(0,10815,1,70,1772)
w(1,10816,1,70,1773)
w(0,10817,1,70,1774)
r(12,60786,1,71,1775)
r(10,80933,1,71,1776)
r(10,80933,1,71,1777)
r(18,80881,1,71,1778)
r(10,80933,1,71,1779)
r(0,10817,1,71,1780)
r(9,90921,1,71,1781)
r(0,10817,1,71,1782)
r(0,10817,1,71,1783)
r(1,10816,1,71,1784)
w(17,10818,1,71,1785)
w(9,10819,1,71,1786)
w(5,10820,1,71,1787)
w(1,10821,1,71,1788)
w(11,10822,1,71,1789)
w(4,10823,1,71,1790)
w(5,10824,1,71,1791)
w(1,10825,1,71,1792)
w(3,10826,1,71,1793)
w(3,10827,1,71,1794)
w(4,10828,1,71,1795)
w(0,10829,1,71,1796)
w(10,10830,1,71,1797)
w(3,10831,1,71,1798)
w(0,10832,1,71,1799)
r(6,10812,1,73,1825)
r(0,20987,1,73,1826)
r(0,20987,1,73,1827)
r(7,20985,1,73,1828)
r(16,10806,1,73,1829)
r(0,20987,1,73,1830)
r(13,30902,1,73,1831)
r(3,20990,1,73,1832)
r(3,20990,1,73,1833)
r(14,20981,1,73,1834)
r(1,20988,1,73,1835)
r(6,10812,1,73,1836)
w(0,10847,1,73,1837)
w(3,10848,1,73,1838)
w(0,10849,1,73,1839)
w(6,10850,1,73,1840)
w(11,10851,1,73,1841)
w(11,10852,1,73,1842)
w(0,10853,1,73,1843)
w(1,10854,1,73,1844)
w(12,10855,1,73,1845)
w(5,10856,1,73,1846)
w(2,10857,1,73,1847)
w(0,10858,1,73,1848)
w(0,10859,1,73,1849)
r(0,50798,1,75,1875)
r(1,50822,1,75,1876)
r(10,50811,1,75,1877)
r(0,50798,1,75,1878)
r(4,50819,1,75,1879)
r(0,50798,1,75,1880)
r(0,50798,1,75,1881)
r(14,20981,1,75,1882)
r(0,50798,1,75,1883)
r(0,50798,1,75,1884)
r(0,50798,1,75,1885)
r(4,50819,1,75,1886)
r(1,50822,1,75,1887)
r(3,50815,1,75,1888)
r(6,70835,1,75,1889)
r(0,50798,1,75,1890)
r(0,50798,1,75,1891)
r(2,50816,1,75,1892)
r(0,50798,1,75,1893)
r(1,50822,1,75,1894)
r(8,20998,1,75,1895)
r(9,10819,1,75,1896)
r(14,20981,1,75,1897)
r(10,50811,1,75,1898)
r(14,20981,1,75,1899)
r(3,30950,1,76,1900)
r(0,30957,1,76,1901)
r(0,30957,1,76,1902)
r(3,30950,1,76,1903)
r(0,30957,1,76,1904)
r(2,80988,1,76,1905)
r(1,30948,1,76,1906)
r(10,80996,1,76,1907)
r(0,30957,1,76,1908)
r(0,30957,1,76,1909)
r(0,30957,1,76,1910)
r(0,30957,1,76,1911)
r(7,50805,1,76,1912)
r(1,30948,1,76,1913)
r(0,30957,1,76,1914)
r(0,30957,1,76,1915)
r(5,50806,1,76,1916)
r(8,30955,1,76,1917)
w(10,10885,1,76,1918)
w(13,10886,1,76,1919)
w(10,10887,1,76,1920)
w(5,10888,1,76,1921)
w(0,10889,1,76,1922)
w(3,10890,1,76,1923)
w(7,10891,1,76,1924)
r(9,81010,1,79,1975)
r(1,81036,1,79,1976)
r(1,81036,1,79,1977)
r(5,81040,1,79,1978)
r(15,60938,1,79,1979)
r(0,50880,1,79,1980)
r(0,50880,1,79,1981)
r(4,60941,1,79,1982)
r(3,50879,1,79,1983)
r(4,60941,1,79,1984)
r(7,81035,1,79,1985)
r(12,81022,1,79,1986)
r(1,81036,1,79,1987)
r(0,50880,1,79,1988)
r(3,50879,1,79,1989)
w(11,10917,1,79,1990)
w(0,10918,1,79,1991)
w(2,10919,1,79,1992)
w(1,10920,1,79,1993)
w(0,10921,1,79,1994)
w(5,10922,1,79,1995)
w(1,10923,1,79,1996)
w(0,10924,1,79,1997)
w(0,10925,1,79,1998)
w(2,10926,1,79,1999)
r(8,60952,1,80,2000)
r(0,10925,1,80,2001)
r(0,10925,1,80,2002)
r(0,10925,1,80,2003)
r(1,10923,1,80,2004)
r(1,10923,1,80,2005)
r(1,10923,1,80,2006)
r(4,60955,1,80,2007)
r(0,10925,1,80,2008)
r(1,10923,1,80,2009)
r(11,10917,1,80,2010)
r(6,81034,1,80,2011)
r(2,10926,1,80,2012)
r(16,50813,1,80,2013)
r(10,81039,1,80,2014)
r(2,10926,1,80,2015)
r(18,60948,1,80,2016)
r(4,60955,1,80,2017)
r(0,10925,1,80,2018)
r(2,10926,1,80,2019)
r(0,10925,1,80,2020)
r(1,10923,1,80,2021)
r(12,81022,1,80,2022)
r(5,10922,1,80,2023)
r(0,10925,1,80,2024)
r(0,21094,1,82,2050)
r(1,21093,1,82,2051)
r(0,21094,1,82,2052)
r(6,21084,1,82,2053)
r(4,21088,1,82,2054)
r(9,60962,1,82,2055)
r(12,21081,1,82,2056)
r(0,21094,1,82,2057)
r(4,21088,1,82,2058)
r(14,1089,1,82,2059)
r(1,21093,1,82,2060)
r(1,21093,1,82,2061)
r(8,21085,1,82,2062)
r(2,21087,1,82,2063)
r(10,81039,1,82,2064)
r(0,21094,1,82,2065)
r(0,21094,1,82,2066)
r(1,21093,1,82,2067)
r(0,21094,1,82,2068)
r(3,1075,1,82,2069)
r(10,81039,1,82,2070)
r(3,1075,1,82,2071)
r(0,21094,1,82,2072)
r(16,50813,1,82,2073)
r(2,21087,1,82,2074)
r(19,60975,1,86,2150)
r(2,31064,1,86,2151)
r(1,31074,1,86,2152)
r(0,31073,1,86,2153)
r(8,40953,1,86,2154)
r(0,31073,1,86,2155)
r(15,1126,1,86,2156)
r(6,31063,1,86,2157)
r(9,40945,1,86,2158)
w(1,10993,1,86,2159)
w(3,10994,1,86,2160)
w(5,10995,1,86,2161)
w(11,10996,1,86,2162)
w(1,10997,1,86,2163)
w(16,10998,1,86,2164)
w(10,10999,1,86,2165)
w(18,11000,1,86,2166)
w(0,11001,1,86,2167)
w(0,11002,1,86,2168)
w(10,11003,1,86,2169)
w(18,11004,1,86,2170)
w(0,11005,1,86,2171)
w(0,11006,1,86,2172)
w(1,11007,1,86,2173)
w(6,11008,1,86,2174)
r(0,11006,1,87,2175)
r(0,11006,1,87,2176)
r(0,11006,1,87,2177)
r(0,11006,1,87,2178)
r(16,10998,1,87,2179)
r(1,11007,1,87,2180)
r(10,11003,1,87,2181)
r(1,11007,1,87,2182)
r(1,11007,1,87,2183)
r(1,11007,1,87,2184)
r(9,31083,1,87,2185)
r(2,81176,1,87,2186)
r(4,81160,1,87,2187)
r(5,10995,1,87,2188)
r(5,10995,1,87,2189)
r(0,11006,1,87,2190)
r(2,81176,1,87,2191)
r(5,10995,1,87,2192)
r(17,81175,1,87,2193)
r(4,81160,1,87,2194)
r(6,11008,1,87,2195)
r(0,11006,1,87,2196)
r(0,11006,1,87,2197)
r(10,11003,1,87,2198)
r(1,11007,1,87,2199)
r(0,31092,1,88,2200)
r(10,11003,1,88,2201)
r(7,31086,1,88,2202)
r(2,81176,1,88,2203)
r(1,31093,1,88,2204)
r(1,31093,1,88,2205)
r(0,31092,1,88,2206)
r(1,31093,1,88,2207)
r(1,31093,1,88,2208)
r(1,31093,1,88,2209)
r(0,31092,1,88,2210)
r(18,11004,1,88,2211)
r(6,11008,1,88,2212)
r(5,31089,1,88,2213)
r(2,81176,1,88,2214)
r(17,81175,1,88,2215)
r(1,31093,1,88,2216)
r(5,31089,1,88,2217)
r(0,31092,1,88,2218)
r(14,31088,1,88,2219)
r(1,31093,1,88,2220)
r(0,31092,1,88,2221)
r(2,81176,1,88,2222)
r(18,11004,1,88,2223)
r(3,31090,1,88,2224)
r(1,61210,1,92,2300)
r(1,61210,1,92,2301)
r(10,61180,1,92,2302)
r(11,21198,1,92,2303)
r(1,61210,1,92,2304)
r(0,61209,1,92,2305)
r(7,61197,1,92,2306)
r(0,61209,1,92,2307)
r(7,61197,1,92,2308)
r(1,61210,1,92,2309)
r(4,61205,1,92,2310)
r(14,71027,1,92,2311)
w(8,11058,1,92,2312)
w(0,11059,1,92,2313)
w(0,11060,1,92,2314)
w(0,11061,1,92,2315)
w(14,11062,1,92,2316)
w(9,11063,1,92,2317)
w(3,11064,1,92,2318)
w(4,11065,1,92,2319)
w(4,11066,1,92,2320)
w(5,11067,1,92,2321)
w(14,11068,1,92,2322)
w(5,11069,1,92,2323)
w(3,11070,1,92,2324)
r(1,71064,1,94,2350)
r(0,51095,1,94,2351)
r(3,71061,1,94,2352)
r(0,51095,1,94,2353)
r(0,51095,1,94,2354)
r(0,51095,1,94,2355)
r(0,51095,1,94,2356)
r(0,51095,1,94,2357)
r(7,51091,1,94,2358)
r(1,71064,1,94,2359)
r(12,61190,1,94,2360)
r(1,71064,1,94,2361)
r(0,51095,1,94,2362)
r(0,51095,1,94,2363)
r(11,21198,1,94,2364)
r(2,51085,1,94,2365)
r(8,71056,1,94,2366)
r(18,41099,1,94,2367)
r(0,51095,1,94,2368)
r(6,61179,1,94,2369)
r(0,51095,1,94,2370)
r(0,51095,1,94,2371)
r(4,71060,1,94,2372)
r(0,51095,1,94,2373)
r(13,41098,1,94,2374)
r(0,51095,1,95,2375)
r(1,71064,1,95,2376)
r(13,41098,1,95,2377)
r(9,11063,1,95,2378)
r(0,51095,1,95,2379)
r(3,71061,1,95,2380)
r(0,51095,1,95,2381)
r(0,51095,1,95,2382)
r(2,51085,1,95,2383)
r(15,61192,1,95,2384)
w(4,11087,1,95,2385)
w(2,11088,1,95,2386)
w(13,11089,1,95,2387)
w(10,11090,1,95,2388)
w(0,11091,1,95,2389)
w(0,11092,1,95,2390)
w(9,11093,1,95,2391)
w(0,11094,1,95,2392)
w(4,11095,1,95,2393)
w(3,11096,1,95,2394)
w(19,11097,1,95,2395)
w(9,11098,1,95,2396)
w(0,11099,1,95,2397)
w(1,11100,1,95,2398)
w(7,11101,1,95,2399)
r(2,11088,1,97,2425)
r(5,51088,1,97,2426)
r(0,11099,1,97,2427)
r(8,71056,1,97,2428)
r(2,11088,1,97,2429)
r(12,61190,1,97,2430)
r(8,71056,1,97,2431)
r(18,41099,1,97,2432)
r(12,61190,1,97,2433)
r(8,71056,1,97,2434)
r(0,11099,1,97,2435)
r(6,61179,1,97,2436)
r(4,11095,1,97,2437)
r(3,11096,1,97,2438)
r(2,11088,1,97,2439)
r(5,51088,1,97,2440)
r(1,11100,1,97,2441)
r(0,11099,1,97,2442)
r(2,11088,1,97,2443)
r(0,11099,1,97,2444)
r(2,11088,1,97,2445)
r(2,11088,1,97,2446)
r(0,11099,1,97,2447)
r(3,11096,1,97,2448)
r(2,11088,1,97,2449)
r(0,91416,1,101,2525)
r(1,91414,1,101,2526)
r(0,91416,1,101,2527)
r(2,91402,1,101,2528)
r(17,91403,1,101,2529)
r(5,91415,1,101,2530)
r(4,91411,1,101,2531)
r(5,91415,1,101,2532)
r(0,91416,1,101,2533)
r(1,91414,1,101,2534)
r(1,91414,1,101,2535)
r(17,91403,1,101,2536)
r(9,1303,1,101,2537)
r(15,91406,1,101,2538)
r(5,91415,1,101,2539)
r(7,91395,1,101,2540)
r(3,91413,1,101,2541)
r(0,91416,1,101,2542)
r(13,91410,1,101,2543)
r(2,91402,1,101,2544)
r(1,91414,1,101,2545)
r(1,91414,1,101,2546)
r(3,91413,1,101,2547)
r(0,91416,1,101,2548)
r(10,91407,1,101,2549)
r(12,51186,1,102,2550)
r(3,91413,1,102,2551)
r(5,91415,1,102,2552)
r(7,91395,1,102,2553)
r(4,51185,1,102,2554)
r(0,51183,1,102,2555)
r(9,1303,1,102,2556)
r(3,91413,1,102,2557)
r(0,51183,1,102,2558)
r(2,51188,1,102,2559)
r(3,91413,1,102,2560)
r(0,51183,1,102,2561)
r(1,51190,1,102,2562)
r(6,51191,1,102,2563)
r(3,91413,1,102,2564)
r(0,51183,1,102,2565)
r(5,91415,1,102,2566)
r(1,51190,1,102,2567)
r(0,51183,1,102,2568)
r(6,51191,1,102,2569)
r(18,51180,1,102,2570)
r(0,51183,1,102,2571)
r(3,91413,1,102,2572)
r(10,91407,1,102,2573)
r(0,51183,1,102,2574)
r(2,31317,1,105,2625)
r(1,31311,1,105,2626)
r(0,91444,1,105,2627)
r(0,91444,1,105,2628)
r(14,31313,1,105,2629)
r(9,41259,1,105,2630)
r(4,91441,1,105,2631)
r(0,91444,1,105,2632)
r(1,31311,1,105,2633)
r(0,91444,1,105,2634)
r(0,91444,1,105,2635)
r(0,91444,1,105,2636)
r(0,91444,1,105,2637)
r(2,31317,1,105,2638)
r(5,91442,1,105,2639)
r(1,31311,1,105,2640)
r(4,91441,1,105,2641)
r(0,91444,1,105,2642)
r(9,41259,1,105,2643)
r(2,31317,1,105,2644)
r(19,41257,1,105,2645)
r(2,31317,1,105,2646)
r(0,91444,1,105,2647)
r(17,1382,1,105,2648)
r(0,91444,1,105,2649)
r(5,71302,1,109,2725)
r(2,71294,1,109,2726)
r(5,71302,1,109,2727)
r(6,41328,1,109,2728)
r(0,71310,1,109,2729)
r(0,71310,1,109,2730)
r(1,71306,1,109,2731)
r(0,71310,1,109,2732)
r(4,71295,1,109,2733)
r(0,71310,1,109,2734)
r(4,71295,1,109,2735)
r(1,71306,1,109,2736)
r(3,71309,1,109,2737)
r(12,41326,1,109,2738)
r(0,71310,1,109,2739)
r(0,71310,1,109,2740)
r(8,51287,1,109,2741)
r(4,71295,1,109,2742)
r(2,71294,1,109,2743)
r(1,71306,1,109,2744)
r(4,71295,1,109,2745)
r(17,1382,1,109,2746)
r(7,41379,1,109,2747)
r(1,71306,1,109,2748)
r(4,71295,1,109,2749)
r(9,71308,1,110,2750)
r(6,41328,1,110,2751)
r(0,71310,1,110,2752)
r(0,71310,1,110,2753)
r(2,71294,1,110,2754)
r(12,41326,1,110,2755)
r(0,71310,1,110,2756)
r(2,71294,1,110,2757)
r(13,41362,1,110,2758)
r(4,71295,1,110,2759)
r(1,71306,1,110,2760)
r(3,71309,1,110,2761)
r(2,71294,1,110,2762)
r(7,41379,1,110,2763)
r(0,71310,1,110,2764)
r(0,71310,1,110,2765)
r(0,71310,1,110,2766)
r(0,71310,1,110,2767)
r(1,71306,1,110,2768)
r(5,71302,1,110,2769)
r(0,71310,1,110,2770)
r(2,71294,1,110,2771)
r(7,41379,1,110,2772)
r(12,41326,1,110,2773)
r(0,71310,1,110,2774)
r(16,51291,1,111,2775)
r(0,71310,1,111,2776)
r(7,41379,1,111,2777)
r(8,51287,1,111,2778)
r(0,71310,1,111,2779)
r(0,71310,1,111,2780)
r(6,41328,1,111,2781)
r(0,71310,1,111,2782)
r(1,71306,1,111,2783)
r(3,71309,1,111,2784)
r(1,71306,1,111,2785)
r(0,71310,1,111,2786)
r(3,71309,1,111,2787)
r(3,71309,1,111,2788)
r(6,41328,1,111,2789)
r(14,71307,1,111,2790)
r(0,71310,1,111,2791)
r(0,71310,1,111,2792)
r(7,41379,1,111,2793)
r(5,71302,1,111,2794)
r(4,71295,1,111,2795)
r(12,41326,1,111,2796)
r(11,41368,1,111,2797)
r(4,71295,1,111,2798)
r(18,51288,1,111,2799)
r(3,91557,1,114,2850)
r(13,91569,1,114,2851)
r(0,91572,1,114,2852)
r(6,61501,1,114,2853)
r(9,61500,1,114,2854)
r(4,91574,1,114,2855)
r(0,91572,1,114,2856)
r(1,61502,1,114,2857)
r(1,61502,1,114,2858)
r(1,61502,1,114,2859)
r(1,61502,1,114,2860)
r(4,91574,1,114,2861)
r(9,61500,1,114,2862)
r(0,91572,1,114,2863)
r(1,61502,1,114,2864)
r(2,81512,1,114,2865)
r(0,91572,1,114,2866)
r(3,91557,1,114,2867)
r(2,81512,1,114,2868)
r(1,61502,1,114,2869)
r(12,91571,1,114,2870)
r(8,91553,1,114,2871)
r(11,61492,1,114,2872)
r(0,91572,1,114,2873)
r(10,91558,1,114,2874)
r(3,91585,1,116,2900)
r(2,81512,1,116,2901)
r(16,91563,1,116,2902)
r(0,21509,1,116,2903)
r(0,21509,1,116,2904)
r(17,91543,1,116,2905)
r(5,1557,1,116,2906)
r(12,91584,1,116,2907)
r(9,21511,1,116,2908)
r(3,91585,1,116,2909)
r(2,81512,1,116,2910)
r(2,81512,1,116,2911)
r(0,21509,1,116,2912)
r(10,91581,1,116,2913)
r(15,71337,1,116,2914)
r(0,21509,1,116,2915)
r(1,1552,1,116,2916)
r(1,1552,1,116,2917)
r(5,1557,1,116,2918)
r(1,1552,1,116,2919)
r(1,1552,1,116,2920)
r(1,1552,1,116,2921)
r(0,21509,1,116,2922)
r(11,61492,1,116,2923)
r(2,81512,1,116,2924)
r(5,51386,1,118,2950)
r(6,31467,1,118,2951)
r(7,91586,1,118,2952)
r(0,31472,1,118,2953)
r(6,31467,1,118,2954)
r(10,91581,1,118,2955)
r(11,31464,1,118,2956)
r(2,51376,1,118,2957)
r(8,31468,1,118,2958)
r(6,31467,1,118,2959)
r(5,51386,1,118,2960)
r(10,91581,1,118,2961)
r(1,51388,1,118,2962)
r(5,51386,1,118,2963)
r(2,51376,1,118,2964)
r(1,51388,1,118,2965)
r(1,51388,1,118,2966)
r(6,31467,1,118,2967)
r(2,51376,1,118,2968)
r(0,31472,1,118,2969)
r(1,51388,1,118,2970)
r(4,1541,1,118,2971)
r(1,51388,1,118,2972)
r(1,51388,1,118,2973)
r(4,1541,1,118,2974)
r(13,91569,1,119,2975)
r(1,51388,1,119,2976)
r(15,91596,1,119,2977)
r(6,31467,1,119,2978)
r(0,31472,1,119,2979)
r(0,31472,1,119,2980)
r(3,31466,1,119,2981)
r(0,31472,1,119,2982)
r(2,51376,1,119,2983)
r(0,31472,1,119,2984)
r(0,31472,1,119,2985)
r(19,1556,1,119,2986)
r(5,51386,1,119,2987)
r(0,31472,1,119,2988)
r(3,31466,1,119,2989)
r(1,51388,1,119,2990)
r(2,51376,1,119,2991)
r(13,91569,1,119,2992)
r(1,51388,1,119,2993)
r(2,51376,1,119,2994)
r(0,31472,1,119,2995)
r(2,51376,1,119,2996)
r(19,1556,1,119,2997)
r(0,31472,1,119,2998)
r(0,31472,1,119,2999)
r(13,71433,1,123,3075)
r(1,41531,1,123,3076)
r(15,91596,1,123,3077)
r(0,81582,1,123,3078)
r(3,81584,1,123,3079)
r(3,81584,1,123,3080)
r(0,81582,1,123,3081)
r(1,41531,1,123,3082)
r(10,81585,1,123,3083)
r(0,81582,1,123,3084)
r(0,81582,1,123,3085)
r(5,41530,1,123,3086)
r(0,81582,1,123,3087)
r(0,81582,1,123,3088)
r(2,41529,1,123,3089)
r(16,81587,1,123,3090)
r(6,81583,1,123,3091)
r(0,81582,1,123,3092)
r(2,41529,1,123,3093)
r(3,81584,1,123,3094)
r(3,81584,1,123,3095)
r(0,81582,1,123,3096)
r(6,81583,1,123,3097)
r(11,71434,1,123,3098)
r(13,71433,1,123,3099)
r(6,51477,1,125,3125)
r(10,81585,1,125,3126)
r(0,51478,1,125,3127)
r(19,81580,1,125,3128)
r(2,71499,1,125,3129)
r(0,51478,1,125,3130)
r(4,51471,1,125,3131)
r(2,71499,1,125,3132)
r(7,51480,1,125,3133)
r(14,51472,1,125,3134)
r(17,21528,1,125,3135)
r(3,51474,1,125,3136)
r(8,71489,1,125,3137)
w(0,11400,1,125,3138)
w(2,11401,1,125,3139)
w(0,11402,1,125,3140)
w(2,11403,1,125,3141)
w(0,11404,1,125,3142)
w(1,11405,1,125,3143)
w(9,11406,1,125,3144)
w(2,11407,1,125,3145)
w(16,11408,1,125,3146)
w(16,11409,1,125,3147)
w(12,11410,1,125,3148)
w(9,11411,1,125,3149)
r(9,11411,1,126,3150)
r(1,11405,1,126,3151)
r(0,11404,1,126,3152)
r(9,11411,1,126,3153)
r(5,71497,1,126,3154)
r(6,51477,1,126,3155)
r(0,11404,1,126,3156)
r(3,71505,1,126,3157)
r(2,11407,1,126,3158)
r(0,11404,1,126,3159)
r(1,11405,1,126,3160)
r(0,11404,1,126,3161)
r(2,11407,1,126,3162)
r(3,71505,1,126,3163)
r(2,11407,1,126,3164)
r(0,11404,1,126,3165)
r(8,71489,1,126,3166)
r(5,71497,1,126,3167)
r(4,51471,1,126,3168)
r(0,11404,1,126,3169)
r(0,11404,1,126,3170)
r(1,11405,1,126,3171)
r(4,51471,1,126,3172)
r(8,71489,1,126,3173)
r(6,51477,1,126,3174)
r(3,41639,1,130,3250)
r(7,81629,1,130,3251)
r(3,41639,1,130,3252)
r(13,21687,1,130,3253)
r(12,21686,1,130,3254)
r(0,41635,1,130,3255)
r(15,31570,1,130,3256)
r(4,41636,1,130,3257)
r(4,41636,1,130,3258)
r(0,41635,1,130,3259)
r(1,41637,1,130,3260)
r(3,41639,1,130,3261)
r(7,81629,1,130,3262)
r(2,41638,1,130,3263)
r(1,41637,1,130,3264)
r(7,81629,1,130,3265)
r(6,41630,1,130,3266)
r(0,41635,1,130,3267)
r(4,41636,1,130,3268)
r(12,21686,1,130,3269)
r(2,41638,1,130,3270)
r(3,41639,1,130,3271)
r(12,21686,1,130,3272)
r(0,41635,1,130,3273)
r(0,41635,1,130,3274)
r(2,41686,1,134,3350)
r(1,41675,1,134,3351)
r(1,41675,1,134,3352)
r(2,41686,1,134,3353)
r(1,41675,1,134,3354)
r(0,61711,1,134,3355)
r(10,31562,1,134,3356)
r(11,41689,1,134,3357)
r(0,61711,1,134,3358)
r(10,31562,1,134,3359)
r(9,21683,1,134,3360)
r(1,41675,1,134,3361)
r(3,61710,1,134,3362)
r(2,41686,1,134,3363)
r(0,61711,1,134,3364)
r(0,61711,1,134,3365)
r(1,41675,1,134,3366)
r(6,61699,1,134,3367)
r(0,61711,1,134,3368)
r(1,41675,1,134,3369)
r(0,61711,1,134,3370)
r(7,41682,1,134,3371)
r(0,61711,1,134,3372)
r(1,41675,1,134,3373)
r(15,31570,1,134,3374)
r(0,61711,1,135,3375)
r(5,61712,1,135,3376)
r(0,61711,1,135,3377)
r(2,41686,1,135,3378)
r(0,61711,1,135,3379)
r(4,41684,1,135,3380)
r(2,41686,1,135,3381)
r(9,21683,1,135,3382)
r(1,41675,1,135,3383)
r(0,61711,1,135,3384)
r(4,41684,1,135,3385)
r(12,91755,1,135,3386)
r(0,61711,1,135,3387)
r(14,41691,1,135,3388)
w(0,11497,1,135,3389)
w(7,11498,1,135,3390)
w(0,11499,1,135,3391)
w(6,11500,1,135,3392)
w(3,11501,1,135,3393)
w(14,11502,1,135,3394)
w(4,11503,1,135,3395)
w(3,11504,1,135,3396)
w(0,11505,1,135,3397)
w(0,11506,1,135,3398)
w(5,11507,1,135,3399)
r(2,31692,1,138,3450)
r(13,41692,1,138,3451)
r(7,31682,1,138,3452)
r(1,31693,1,138,3453)
r(1,31693,1,138,3454)
r(0,31698,1,138,3455)
r(0,31698,1,138,3456)
r(3,31697,1,138,3457)
r(2,31692,1,138,3458)
r(2,31692,1,138,3459)
r(9,51612,1,138,3460)
r(1,31693,1,138,3461)
r(1,31693,1,138,3462)
r(11,61733,1,138,3463)
r(11,61733,1,138,3464)
r(3,31697,1,138,3465)
r(0,31698,1,138,3466)
r(0,31698,1,138,3467)
r(5,51611,1,138,3468)
r(19,31685,1,138,3469)
r(0,31698,1,138,3470)
r(1,31693,1,138,3471)
r(0,31698,1,138,3472)
r(2,31692,1,138,3473)
r(0,31698,1,138,3474)
r(0,61805,1,142,3550)
r(0,61805,1,142,3551)
r(6,31725,1,142,3552)
r(12,21829,1,142,3553)
r(1,61806,1,142,3554)
r(7,21844,1,142,3555)
r(0,61805,1,142,3556)
r(17,21831,1,142,3557)
r(0,61805,1,142,3558)
r(0,61805,1,142,3559)
r(13,31726,1,142,3560)
r(1,61806,1,142,3561)
r(18,21846,1,142,3562)
w(16,11595,1,142,3563)
w(7,11596,1,142,3564)
w(1,11597,1,142,3565)
w(3,11598,1,142,3566)
w(3,11599,1,142,3567)
w(11,11600,1,142,3568)
w(5,11601,1,142,3569)
w(18,11602,1,142,3570)
w(5,11603,1,142,3571)
w(3,11604,1,142,3572)
w(1,11605,1,142,3573)
w(0,11606,1,142,3574)
w(5,11615,1,144,3600)
w(1,11616,1,144,3601)
w(4,11617,1,144,3602)
w(1,11618,1,144,3603)
w(17,11619,1,144,3604)
w(0,11620,1,144,3605)
w(0,11621,1,144,3606)
w(9,11622,1,144,3607)
w(0,11623,1,144,3608)
w(6,11624,1,144,3609)
w(1,11625,1,144,3610)
w(2,11626,1,144,3611)
w(0,11627,1,144,3612)
w(0,11628,1,144,3613)
w(6,11629,1,144,3614)
w(17,11630,1,144,3615)
w(0,11631,1,144,3616)
w(1,11632,1,144,3617)
w(0,11633,1,144,3618)
w(15,11634,1,144,3619)
w(0,11635,1,144,3620)
w(2,11636,1,144,3621)
w(0,11637,1,144,3622)
w(8,11638,1,144,3623)
w(0,11639,1,144,3624)
r(2,91943,1,147,3675)
r(1,51747,1,147,3676)
r(6,71755,1,147,3677)
r(19,51742,1,147,3678)
r(1,51747,1,147,3679)
r(0,51746,1,147,3680)
r(1,51747,1,147,3681)
r(3,11604,1,147,3682)
r(1,51747,1,147,3683)
r(0,51746,1,147,3684)
r(11,11600,1,147,3685)
r(18,71750,1,147,3686)
r(1,51747,1,147,3687)
r(5,51748,1,147,3688)
r(3,11604,1,147,3689)
r(1,51747,1,147,3690)
r(1,51747,1,147,3691)
w(0,11666,1,147,3692)
w(17,11667,1,147,3693)
w(0,11668,1,147,3694)
w(3,11669,1,147,3695)
w(0,11670,1,147,3696)
w(8,11671,1,147,3697)
w(2,11672,1,147,3698)
w(2,11673,1,147,3699)
r(0,91979,1,149,3725)
r(19,51742,1,149,3726)
r(9,41914,1,149,3727)
r(1,91967,1,149,3728)
r(4,41915,1,149,3729)
r(19,51742,1,149,3730)
r(18,91970,1,149,3731)
r(13,91977,1,149,3732)
r(1,91967,1,149,3733)
r(1,91967,1,149,3734)
r(3,41912,1,149,3735)
r(3,41912,1,149,3736)
r(12,91978,1,149,3737)
r(0,91979,1,149,3738)
r(6,91971,1,149,3739)
r(6,91971,1,149,3740)
r(1,91967,1,149,3741)
r(1,91967,1,149,3742)
r(15,41909,1,149,3743)
r(0,91979,1,149,3744)
r(1,91967,1,149,3745)
r(0,91979,1,149,3746)
r(2,91976,1,149,3747)
r(14,41908,1,149,3748)
r(0,91979,1,149,3749)
r(15,41909,1,151,3775)
r(0,51788,1,151,3776)
r(1,51790,1,151,3777)
r(0,51788,1,151,3778)
r(13,51770,1,151,3779)
r(16,21960,1,151,3780)
r(1,51790,1,151,3781)
r(0,51788,1,151,3782)
r(3,51780,1,151,3783)
r(18,91992,1,151,3784)
r(0,51788,1,151,3785)
r(0,51788,1,151,3786)
r(7,51784,1,151,3787)
r(0,51788,1,151,3788)
r(3,51780,1,151,3789)
r(0,51788,1,151,3790)
r(5,51787,1,151,3791)
r(1,51790,1,151,3792)
r(2,51778,1,151,3793)
r(0,51788,1,151,3794)
r(0,51788,1,151,3795)
r(14,41908,1,151,3796)
r(2,51778,1,151,3797)
r(0,51788,1,151,3798)
r(6,91988,1,151,3799)
r(0,81916,1,153,3825)
r(4,81912,1,153,3826)
r(8,81913,1,153,3827)
r(1,81906,1,153,3828)
r(0,81916,1,153,3829)
r(16,81914,1,153,3830)
r(5,81910,1,153,3831)
r(2,81903,1,153,3832)
r(2,81903,1,153,3833)
r(8,81913,1,153,3834)
r(0,81916,1,153,3835)
r(14,81904,1,153,3836)
r(2,81903,1,153,3837)
r(5,81910,1,153,3838)
r(2,81903,1,153,3839)
r(11,81905,1,153,3840)
r(2,81903,1,153,3841)
r(13,81911,1,153,3842)
r(0,81916,1,153,3843)
r(0,81916,1,153,3844)
r(10,1912,1,153,3845)
r(13,81911,1,153,3846)
r(4,81912,1,153,3847)
r(0,81916,1,153,3848)
r(1,81906,1,153,3849)
r(1,92038,1,155,3875)
r(17,92042,1,155,3876)
r(0,92043,1,155,3877)
r(0,92043,1,155,3878)
r(8,21998,1,155,3879)
r(4,21997,1,155,3880)
w(15,11749,1,155,3881)
w(10,11750,1,155,3882)
w(13,11751,1,155,3883)
w(5,11752,1,155,3884)
w(8,11753,1,155,3885)
w(0,11754,1,155,3886)
w(1,11755,1,155,3887)
w(1,11756,1,155,3888)
w(0,11757,1,155,3889)
w(3,11758,1,155,3890)
w(0,11759,1,155,3891)
w(0,11760,1,155,3892)
w(1,11761,1,155,3893)
w(4,11762,1,155,3894)
w(8,11763,1,155,3895)
w(13,11764,1,155,3896)
w(0,11765,1,155,3897)
w(0,11766,1,155,3898)
w(5,11767,1,155,3899)
r(12,92111,1,160,4000)
r(0,2057,1,160,4001)
r(0,2057,1,160,4002)
r(8,2060,1,160,4003)
r(3,71951,1,160,4004)
r(10,81991,1,160,4005)
r(0,2057,1,160,4006)
r(19,2032,1,160,4007)
r(7,2059,1,160,4008)
r(9,51879,1,160,4009)
r(0,2057,1,160,4010)
r(1,2058,1,160,4011)
r(3,71951,1,160,4012)
r(1,2058,1,160,4013)
r(13,2063,1,160,4014)
w(19,11839,1,160,4015)
w(10,11840,1,160,4016)
w(0,11841,1,160,4017)
w(2,11842,1,160,4018)
w(17,11843,1,160,4019)
w(16,11844,1,160,4020)
w(1,11845,1,160,4021)
w(0,11846,1,160,4022)
w(11,11847,1,160,4023)
w(4,11848,1,160,4024)
r(4,62082,1,162,4050)
r(14,62033,1,162,4051)
r(15,62065,1,162,4052)
r(0,62081,1,162,4053)
r(5,62060,1,162,4054)
r(15,62065,1,162,4055)
r(0,62081,1,162,4056)
r(8,2060,1,162,4057)
r(10,62066,1,162,4058)
r(1,62080,1,162,4059)
r(1,62080,1,162,4060)
r(17,82030,1,162,4061)
r(14,62033,1,162,4062)
r(9,62068,1,162,4063)
r(0,62081,1,162,4064)
r(1,62080,1,162,4065)
r(2,62076,1,162,4066)
r(1,62080,1,162,4067)
r(7,82035,1,162,4068)
r(11,51994,1,162,4069)
r(6,62079,1,162,4070)
r(0,62081,1,162,4071)
r(14,62033,1,162,4072)
r(4,62082,1,162,4073)
r(5,62060,1,162,4074)
r(1,32218,1,175,4375)
r(1,32218,1,175,4376)
r(2,42354,1,175,4377)
r(4,32217,1,175,4378)
r(2,42354,1,175,4379)
r(2,42354,1,175,4380)
r(2,42354,1,175,4381)
r(8,42366,1,175,4382)
r(19,42367,1,175,4383)
r(8,42366,1,175,4384)
r(15,32172,1,175,4385)
r(1,32218,1,175,4386)
r(2,42354,1,175,4387)
w(0,12067,1,175,4388)
w(1,12068,1,175,4389)
w(5,12069,1,175,4390)
w(15,12070,1,175,4391)
w(0,12071,1,175,4392)
w(8,12072,1,175,4393)
w(0,12073,1,175,4394)
w(1,12074,1,175,4395)
w(0,12075,1,175,4396)
w(6,12076,1,175,4397)
w(16,12077,1,175,4398)
w(8,12078,1,175,4399)
w(0,12143,1,179,4475)
w(2,12144,1,179,4476)
w(0,12145,1,179,4477)
w(4,12146,1,179,4478)
w(2,12147,1,179,4479)
w(11,12148,1,179,4480)
w(8,12149,1,179,4481)
w(7,12150,1,179,4482)
w(2,12151,1,179,4483)
w(12,12152,1,179,4484)
w(0,12153,1,179,4485)
w(1,12154,1,179,4486)
w(7,12155,1,179,4487)
w(7,12156,1,179,4488)
w(3,12157,1,179,4489)
w(0,12158,1,179,4490)
w(1,12159,1,179,4491)
w(4,12160,1,179,4492)
w(10,12161,1,179,4493)
w(0,12162,1,179,4494)
w(0,12163,1,179,4495)
w(2,12164,1,179,4496)
w(18,12165,1,179,4497)
w(4,12166,1,179,4498)
w(5,12167,1,179,4499)
w(4,12185,1,181,4525)
w(11,12186,1,181,4526)
w(7,12187,1,181,4527)
w(0,12188,1,181,4528)
w(5,12189,1,181,4529)
w(1,12190,1,181,4530)
w(1,12191,1,181,4531)
w(4,12192,1,181,4532)
w(0,12193,1,181,4533)
w(0,12194,1,181,4534)
w(6,12195,1,181,4535)
w(0,12196,1,181,4536)
w(3,12197,1,181,4537)
w(13,12198,1,181,4538)
w(18,12199,1,181,4539)
w(0,12200,1,181,4540)
w(8,12201,1,181,4541)
w(3,12202,1,181,4542)
w(0,12203,1,181,4543)
w(5,12204,1,181,4544)
w(0,12205,1,181,4545)
w(0,12206,1,181,4546)
w(0,12207,1,181,4547)
w(0,12208,1,181,4548)
w(0,12209,1,181,4549)
r(3,92599,1,186,4650)
r(0,22591,1,186,4651)
r(9,92588,1,186,4652)
r(0,22591,1,186,4653)
r(1,22593,1,186,4654)
r(3,92599,1,186,4655)
r(13,92596,1,186,4656)
r(0,22591,1,186,4657)
r(18,32365,1,186,4658)
r(7,22589,1,186,4659)
r(6,92593,1,186,4660)
r(3,92599,1,186,4661)
w(2,12277,1,186,4662)
w(0,12278,1,186,4663)
w(0,12279,1,186,4664)
w(0,12280,1,186,4665)
w(0,12281,1,186,4666)
w(0,12282,1,186,4667)
w(0,12283,1,186,4668)
w(0,12284,1,186,4669)
w(0,12285,1,186,4670)
w(0,12286,1,186,4671)
w(1,12287,1,186,4672)
w(2,12288,1,186,4673)
w(0,12289,1,186,4674)
r(2,22636,1,191,4775)
r(6,42581,1,191,4776)
r(9,32477,1,191,4777)
r(3,22640,1,191,4778)
r(13,72354,1,191,4779)
r(9,32477,1,191,4780)
r(0,52443,1,191,4781)
r(0,52443,1,191,4782)
r(0,52443,1,191,4783)
r(1,52445,1,191,4784)
r(11,32452,1,191,4785)
r(0,52443,1,191,4786)
r(5,32483,1,191,4787)
r(2,22636,1,191,4788)
r(5,32483,1,191,4789)
r(2,22636,1,191,4790)
r(1,52445,1,191,4791)
r(0,52443,1,191,4792)
r(0,52443,1,191,4793)
r(0,52443,1,191,4794)
r(8,32480,1,191,4795)
r(0,52443,1,191,4796)
r(5,32483,1,191,4797)
r(2,22636,1,191,4798)
r(6,42581,1,191,4799)
r(2,42693,1,195,4875)
r(0,42692,1,195,4876)
r(7,42696,1,195,4877)
r(0,42692,1,195,4878)
r(1,42697,1,195,4879)
r(0,42692,1,195,4880)
r(0,42692,1,195,4881)
r(3,42681,1,195,4882)
r(1,42697,1,195,4883)
r(0,42692,1,195,4884)
r(0,42692,1,195,4885)
r(5,2616,1,195,4886)
r(3,42681,1,195,4887)
r(11,42689,1,195,4888)
w(0,12416,1,195,4889)
w(7,12417,1,195,4890)
w(0,12418,1,195,4891)
w(1,12419,1,195,4892)
w(5,12420,1,195,4893)
w(0,12421,1,195,4894)
w(3,12422,1,195,4895)
w(0,12423,1,195,4896)
w(2,12424,1,195,4897)
w(10,12425,1,195,4898)
w(4,12426,1,195,4899)
r(9,32697,1,202,5050)
r(6,72584,1,202,5051)
r(0,32692,1,202,5052)
r(0,32692,1,202,5053)
r(8,32699,1,202,5054)
r(0,32692,1,202,5055)
r(1,32694,1,202,5056)
r(3,32691,1,202,5057)
r(16,32695,1,202,5058)
r(7,72590,1,202,5059)
r(0,32692,1,202,5060)
r(15,42760,1,202,5061)
r(10,42782,1,202,5062)
r(8,32699,1,202,5063)
r(3,32691,1,202,5064)
r(8,32699,1,202,5065)
r(2,32696,1,202,5066)
r(4,32698,1,202,5067)
r(4,32698,1,202,5068)
r(9,32697,1,202,5069)
r(1,32694,1,202,5070)
r(2,32696,1,202,5071)
r(9,32697,1,202,5072)
r(0,32692,1,202,5073)
r(1,32694,1,202,5074)
r(1,22862,1,205,5125)
r(0,92907,1,205,5126)
r(4,22865,1,205,5127)
r(1,22862,1,205,5128)
r(3,22855,1,205,5129)
r(5,92900,1,205,5130)
r(0,92907,1,205,5131)
r(0,92907,1,205,5132)
r(4,22865,1,205,5133)
r(0,92907,1,205,5134)
r(3,22855,1,205,5135)
r(0,92907,1,205,5136)
r(0,92907,1,205,5137)
r(7,92901,1,205,5138)
w(9,12566,1,205,5139)
w(0,12567,1,205,5140)
w(6,12568,1,205,5141)
w(13,12569,1,205,5142)
w(1,12570,1,205,5143)
w(0,12571,1,205,5144)
w(4,12572,1,205,5145)
w(0,12573,1,205,5146)
w(2,12574,1,205,5147)
w(0,12575,1,205,5148)
w(3,12576,1,205,5149)
w(0,12605,1,208,5200)
w(4,12606,1,208,5201)
w(13,12607,1,208,5202)
w(0,12608,1,208,5203)
w(6,12609,1,208,5204)
w(4,12610,1,208,5205)
w(2,12611,1,208,5206)
w(4,12612,1,208,5207)
w(11,12613,1,208,5208)
w(1,12614,1,208,5209)
w(16,12615,1,208,5210)
w(1,12616,1,208,5211)
w(12,12617,1,208,5212)
w(4,12618,1,208,5213)
w(1,12619,1,208,5214)
w(2,12620,1,208,5215)
w(10,12621,1,208,5216)
w(4,12622,1,208,5217)
w(1,12623,1,208,5218)
w(13,12624,1,208,5219)
w(7,12625,1,208,5220)
w(18,12626,1,208,5221)
w(19,12627,1,208,5222)
w(1,12628,1,208,5223)
w(12,12629,1,208,5224)
r(3,32825,1,210,5250)
r(0,32816,1,210,5251)
r(5,32821,1,210,5252)
r(1,32822,1,210,5253)
r(9,72690,1,210,5254)
r(1,32822,1,210,5255)
r(19,32819,1,210,5256)
r(2,32828,1,210,5257)
r(0,32816,1,210,5258)
r(1,32822,1,210,5259)
r(9,72690,1,210,5260)
r(13,12624,1,210,5261)
r(6,32827,1,210,5262)
r(0,32816,1,210,5263)
r(13,12624,1,210,5264)
r(5,32821,1,210,5265)
r(1,32822,1,210,5266)
r(0,32816,1,210,5267)
r(0,32816,1,210,5268)
r(0,32816,1,210,5269)
r(0,32816,1,210,5270)
r(5,32821,1,210,5271)
r(0,32816,1,210,5272)
r(2,32828,1,210,5273)
r(4,32824,1,210,5274)
r(0,32816,1,211,5275)
r(0,32816,1,211,5276)
r(5,32821,1,211,5277)
r(19,32819,1,211,5278)
r(1,32822,1,211,5279)
r(15,32826,1,211,5280)
r(0,32816,1,211,5281)
r(6,32827,1,211,5282)
r(17,52730,1,211,5283)
r(1,32822,1,211,5284)
r(1,32822,1,211,5285)
r(0,32816,1,211,5286)
r(10,12621,1,211,5287)
r(3,32825,1,211,5288)
r(5,32821,1,211,5289)
r(0,32816,1,211,5290)
r(10,12621,1,211,5291)
r(0,32816,1,211,5292)
r(1,32822,1,211,5293)
r(1,32822,1,211,5294)
r(8,72701,1,211,5295)
r(8,72701,1,211,5296)
r(2,32828,1,211,5297)
r(5,32821,1,211,5298)
r(0,32816,1,211,5299)
r(7,32818,1,214,5350)
r(0,32905,1,214,5351)
r(0,32905,1,214,5352)
r(16,2838,1,214,5353)
r(6,52865,1,214,5354)
r(0,32905,1,214,5355)
r(2,32899,1,214,5356)
r(0,32905,1,214,5357)
r(2,32899,1,214,5358)
r(0,32905,1,214,5359)
r(0,32905,1,214,5360)
r(0,32905,1,214,5361)
r(6,52865,1,214,5362)
r(0,32905,1,214,5363)
r(0,32905,1,214,5364)
r(0,32905,1,214,5365)
r(3,52867,1,214,5366)
r(0,32905,1,214,5367)
r(2,32899,1,214,5368)
r(15,32826,1,214,5369)
r(13,52858,1,214,5370)
r(1,32904,1,214,5371)
r(6,52865,1,214,5372)
r(11,62794,1,214,5373)
r(4,62792,1,214,5374)
r(19,32906,1,215,5375)
r(2,32899,1,215,5376)
r(18,52852,1,215,5377)
r(13,52858,1,215,5378)
r(0,32905,1,215,5379)
r(15,32826,1,215,5380)
r(12,32896,1,215,5381)
r(6,52865,1,215,5382)
r(4,62792,1,215,5383)
r(0,32905,1,215,5384)
r(11,62794,1,215,5385)
r(0,32905,1,215,5386)
r(0,32905,1,215,5387)
r(1,32904,1,215,5388)
r(7,32818,1,215,5389)
w(18,12693,1,215,5390)
w(2,12694,1,215,5391)
w(16,12695,1,215,5392)
w(3,12696,1,215,5393)
w(4,12697,1,215,5394)
w(13,12698,1,215,5395)
w(3,12699,1,215,5396)
w(6,12700,1,215,5397)
w(2,12701,1,215,5398)
w(0,12702,1,215,5399)
r(12,32896,1,216,5400)
r(7,32818,1,216,5401)
r(3,12699,1,216,5402)
r(0,12702,1,216,5403)
r(10,52862,1,216,5404)
r(0,12702,1,216,5405)
r(14,42960,1,216,5406)
r(13,12698,1,216,5407)
r(0,12702,1,216,5408)
r(0,12702,1,216,5409)
r(0,12702,1,216,5410)
r(13,12698,1,216,5411)
r(15,42959,1,216,5412)
r(2,12701,1,216,5413)
r(0,12702,1,216,5414)
r(16,12695,1,216,5415)
r(9,2834,1,216,5416)
r(8,52864,1,216,5417)
r(1,32904,1,216,5418)
r(1,32904,1,216,5419)
r(15,42959,1,216,5420)
r(4,12697,1,216,5421)
r(0,12702,1,216,5422)
r(0,12702,1,216,5423)
r(0,12702,1,216,5424)
r(2,12701,1,217,5425)
r(15,42959,1,217,5426)
r(18,12693,1,217,5427)
r(0,82913,1,217,5428)
r(0,82913,1,217,5429)
r(6,12700,1,217,5430)
r(3,82917,1,217,5431)
w(1,12703,1,217,5432)
w(0,12704,1,217,5433)
w(0,12705,1,217,5434)
w(0,12706,1,217,5435)
w(18,12707,1,217,5436)
w(1,12708,1,217,5437)
w(14,12709,1,217,5438)
w(0,12710,1,217,5439)
w(0,12711,1,217,5440)
w(6,12712,1,217,5441)
w(5,12713,1,217,5442)
w(18,12714,1,217,5443)
w(0,12715,1,217,5444)
w(4,12716,1,217,5445)
w(5,12717,1,217,5446)
w(1,12718,1,217,5447)
w(1,12719,1,217,5448)
w(2,12720,1,217,5449)
r(10,62852,1,219,5475)
r(2,62862,1,219,5476)
r(4,72837,1,219,5477)
r(0,72836,1,219,5478)
r(2,62862,1,219,5479)
r(12,72825,1,219,5480)
r(3,72835,1,219,5481)
r(1,72830,1,219,5482)
r(0,72836,1,219,5483)
r(3,72835,1,219,5484)
r(1,72830,1,219,5485)
r(0,72836,1,219,5486)
r(0,72836,1,219,5487)
r(1,72830,1,219,5488)
r(2,62862,1,219,5489)
r(1,72830,1,219,5490)
r(7,72839,1,219,5491)
r(2,62862,1,219,5492)
r(0,72836,1,219,5493)
r(0,72836,1,219,5494)
r(11,72823,1,219,5495)
r(4,72837,1,219,5496)
r(8,42972,1,219,5497)
r(0,72836,1,219,5498)
r(0,72836,1,219,5499)
r(7,2940,1,224,5600)
r(3,93139,1,224,5601)
r(3,93139,1,224,5602)
r(3,93139,1,224,5603)
r(0,93148,1,224,5604)
r(10,93150,1,224,5605)
r(0,93148,1,224,5606)
r(3,93139,1,224,5607)
r(2,93143,1,224,5608)
r(1,93144,1,224,5609)
r(1,93144,1,224,5610)
r(1,93144,1,224,5611)
w(7,12793,1,224,5612)
w(6,12794,1,224,5613)
w(7,12795,1,224,5614)
w(0,12796,1,224,5615)
w(6,12797,1,224,5616)
w(1,12798,1,224,5617)
w(0,12799,1,224,5618)
w(17,12800,1,224,5619)
w(2,12801,1,224,5620)
w(2,12802,1,224,5621)
w(0,12803,1,224,5622)
w(5,12804,1,224,5623)
w(8,12805,1,224,5624)
r(13,93149,1,225,5625)
r(12,93131,1,225,5626)
r(1,12798,1,225,5627)
r(11,83017,1,225,5628)
r(4,83015,1,225,5629)
r(0,12803,1,225,5630)
r(0,12803,1,225,5631)
r(14,93151,1,225,5632)
r(1,12798,1,225,5633)
r(17,12800,1,225,5634)
r(0,12803,1,225,5635)
r(1,12798,1,225,5636)
r(15,42959,1,225,5637)
r(1,12798,1,225,5638)
r(0,12803,1,225,5639)
r(3,83013,1,225,5640)
r(1,12798,1,225,5641)
r(0,12803,1,225,5642)
r(7,12795,1,225,5643)
r(16,62911,1,225,5644)
r(0,12803,1,225,5645)
r(1,12798,1,225,5646)
r(4,83015,1,225,5647)
r(6,12797,1,225,5648)
r(1,12798,1,225,5649)
r(0,33104,1,231,5775)
r(0,33104,1,231,5776)
r(8,33080,1,231,5777)
r(16,83038,1,231,5778)
r(4,33102,1,231,5779)
r(2,33093,1,231,5780)
r(11,33073,1,231,5781)
r(0,33104,1,231,5782)
r(6,83091,1,231,5783)
r(0,33104,1,231,5784)
r(13,33106,1,231,5785)
r(0,33104,1,231,5786)
r(7,33101,1,231,5787)
r(13,33106,1,231,5788)
r(0,33104,1,231,5789)
r(3,33105,1,231,5790)
r(9,83086,1,231,5791)
r(5,33099,1,231,5792)
r(3,33105,1,231,5793)
r(11,33073,1,231,5794)
r(6,83091,1,231,5795)
r(14,33070,1,231,5796)
r(0,33104,1,231,5797)
r(6,83091,1,231,5798)
r(1,83088,1,231,5799)
r(18,83092,1,232,5800)
r(0,63026,1,232,5801)
r(1,83088,1,232,5802)
r(0,63026,1,232,5803)
r(17,63022,1,232,5804)
r(10,33103,1,232,5805)
r(0,63026,1,232,5806)
r(11,33073,1,232,5807)
r(13,33106,1,232,5808)
r(5,33099,1,232,5809)
r(17,63022,1,232,5810)
r(0,63026,1,232,5811)
r(16,83038,1,232,5812)
r(0,63026,1,232,5813)
w(17,12874,1,232,5814)
w(0,12875,1,232,5815)
w(0,12876,1,232,5816)
w(0,12877,1,232,5817)
w(4,12878,1,232,5818)
w(1,12879,1,232,5819)
w(0,12880,1,232,5820)
w(0,12881,1,232,5821)
w(0,12882,1,232,5822)
w(1,12883,1,232,5823)
w(0,12884,1,232,5824)
r(4,12878,1,233,5825)
r(10,33103,1,233,5826)
r(1,12883,1,233,5827)
r(2,3058,1,233,5828)
r(0,12884,1,233,5829)
r(2,3058,1,233,5830)
w(0,12885,1,233,5831)
w(2,12886,1,233,5832)
w(13,12887,1,233,5833)
w(0,12888,1,233,5834)
w(0,12889,1,233,5835)
w(0,12890,1,233,5836)
w(0,12891,1,233,5837)
w(0,12892,1,233,5838)
w(0,12893,1,233,5839)
w(0,12894,1,233,5840)
w(0,12895,1,233,5841)
w(4,12896,1,233,5842)
w(11,12897,1,233,5843)
w(0,12898,1,233,5844)
w(17,12899,1,233,5845)
w(0,12900,1,233,5846)
w(5,12901,1,233,5847)
w(0,12902,1,233,5848)
w(11,12903,1,233,5849)
r(2,73080,1,238,5950)
r(8,93295,1,238,5951)
r(0,73081,1,238,5952)
r(1,73065,1,238,5953)
r(11,73053,1,238,5954)
r(1,73065,1,238,5955)
r(9,63130,1,238,5956)
r(7,63133,1,238,5957)
r(0,73081,1,238,5958)
r(11,73053,1,238,5959)
r(4,63134,1,238,5960)
r(1,73065,1,238,5961)
r(13,63132,1,238,5962)
r(0,73081,1,238,5963)
r(0,73081,1,238,5964)
w(0,12968,1,238,5965)
w(5,12969,1,238,5966)
w(1,12970,1,238,5967)
w(16,12971,1,238,5968)
w(3,12972,1,238,5969)
w(1,12973,1,238,5970)
w(0,12974,1,238,5971)
w(4,12975,1,238,5972)
w(1,12976,1,238,5973)
w(0,12977,1,238,5974)
r(2,33220,1,240,6000)
r(7,33221,1,240,6001)
r(0,33218,1,240,6002)
r(8,33204,1,240,6003)
r(0,33218,1,240,6004)
r(1,33214,1,240,6005)
r(0,33218,1,240,6006)
r(0,33218,1,240,6007)
r(1,33214,1,240,6008)
r(1,33214,1,240,6009)
r(2,33220,1,240,6010)
r(7,33221,1,240,6011)
r(14,33187,1,240,6012)
w(4,12991,1,240,6013)
w(2,12992,1,240,6014)
w(17,12993,1,240,6015)
w(0,12994,1,240,6016)
w(0,12995,1,240,6017)
w(6,12996,1,240,6018)
w(1,12997,1,240,6019)
w(2,12998,1,240,6020)
w(3,12999,1,240,6021)
w(1,13000,1,240,6022)
w(0,13001,1,240,6023)
w(0,13002,1,240,6024)
r(7,3157,1,242,6050)
r(0,13002,1,242,6051)
r(0,13002,1,242,6052)
r(7,3157,1,242,6053)
r(1,13000,1,242,6054)
r(0,13002,1,242,6055)
r(1,13000,1,242,6056)
r(0,13002,1,242,6057)
r(9,3141,1,242,6058)
r(0,13002,1,242,6059)
r(11,3154,1,242,6060)
r(1,13000,1,242,6061)
r(11,3154,1,242,6062)
r(15,33201,1,242,6063)
w(0,13028,1,242,6064)
w(5,13029,1,242,6065)
w(7,13030,1,242,6066)
w(9,13031,1,242,6067)
w(2,13032,1,242,6068)
w(0,13033,1,242,6069)
w(15,13034,1,242,6070)
w(9,13035,1,242,6071)
w(0,13036,1,242,6072)
w(12,13037,1,242,6073)
w(15,13038,1,242,6074)
r(0,33273,1,244,6100)
r(1,33275,1,244,6101)
r(0,33273,1,244,6102)
r(0,33273,1,244,6103)
r(1,33275,1,244,6104)
r(8,33269,1,244,6105)
r(6,73174,1,244,6106)
r(16,3191,1,244,6107)
r(11,73177,1,244,6108)
r(6,73174,1,244,6109)
r(0,33273,1,244,6110)
r(2,33261,1,244,6111)
r(0,33273,1,244,6112)
r(2,33261,1,244,6113)
r(1,33275,1,244,6114)
r(6,73174,1,244,6115)
r(0,33273,1,244,6116)
r(3,33272,1,244,6117)
r(17,33264,1,244,6118)
r(2,33261,1,244,6119)
r(4,73176,1,244,6120)
r(2,33261,1,244,6121)
r(1,33275,1,244,6122)
r(2,33261,1,244,6123)
r(11,73177,1,244,6124)
r(10,3244,1,246,6150)
r(0,3243,1,246,6151)
r(4,3246,1,246,6152)
r(0,3243,1,246,6153)
r(18,93327,1,246,6154)
r(12,33300,1,246,6155)
r(0,3243,1,246,6156)
r(19,3217,1,246,6157)
r(3,3248,1,246,6158)
r(0,3243,1,246,6159)
r(4,3246,1,246,6160)
r(0,3243,1,246,6161)
r(13,3250,1,246,6162)
r(1,3240,1,246,6163)
r(0,3243,1,246,6164)
r(0,3243,1,246,6165)
r(0,3243,1,246,6166)
r(0,3243,1,246,6167)
r(7,33293,1,246,6168)
r(5,3242,1,246,6169)
r(4,3246,1,246,6170)
r(0,3243,1,246,6171)
r(4,3246,1,246,6172)
r(0,3243,1,246,6173)
r(5,3242,1,246,6174)
r(0,33324,1,249,6225)
r(0,33324,1,249,6226)
r(8,3297,1,249,6227)
r(3,3248,1,249,6228)
r(4,3285,1,249,6229)
r(0,33324,1,249,6230)
r(2,3290,1,249,6231)
r(2,3290,1,249,6232)
r(2,3290,1,249,6233)
r(16,73188,1,249,6234)
r(0,3328,1,249,6235)
r(15,33322,1,249,6236)
r(14,33325,1,249,6237)
r(0,33324,1,249,6238)
r(0,33324,1,249,6239)
r(0,33324,1,249,6240)
r(1,3298,1,249,6241)
r(4,3285,1,249,6242)
r(0,33324,1,249,6243)
r(0,33324,1,249,6244)
r(4,3285,1,249,6245)
r(0,33324,1,249,6246)
r(3,3248,1,249,6247)
r(6,93382,1,249,6248)
r(1,3298,1,249,6249)
r(18,93327,1,250,6250)
r(1,3330,1,250,6251)
r(2,3290,1,250,6252)
r(7,3327,1,250,6253)
r(4,3335,1,250,6254)
r(6,93382,1,250,6255)
r(1,3330,1,250,6256)
r(6,93382,1,250,6257)
r(9,3326,1,250,6258)
r(5,3337,1,250,6259)
r(4,3335,1,250,6260)
r(1,3330,1,250,6261)
r(0,3336,1,250,6262)
r(15,33322,1,250,6263)
r(3,3248,1,250,6264)
r(13,3250,1,250,6265)
r(0,3336,1,250,6266)
r(7,3327,1,250,6267)
r(2,3290,1,250,6268)
r(6,93382,1,250,6269)
r(0,3336,1,250,6270)
r(8,3297,1,250,6271)
r(0,3336,1,250,6272)
r(10,3329,1,250,6273)
r(12,33326,1,250,6274)
r(15,33322,1,251,6275)
r(2,3290,1,251,6276)
r(11,33276,1,251,6277)
r(1,33347,1,251,6278)
r(2,3290,1,251,6279)
r(8,3297,1,251,6280)
r(16,73188,1,251,6281)
r(4,33352,1,251,6282)
r(18,93327,1,251,6283)
r(4,33352,1,251,6284)
r(13,3250,1,251,6285)
r(10,3329,1,251,6286)
r(0,33353,1,251,6287)
r(1,33347,1,251,6288)
r(7,3327,1,251,6289)
w(0,13101,1,251,6290)
w(1,13102,1,251,6291)
w(15,13103,1,251,6292)
w(6,13104,1,251,6293)
w(0,13105,1,251,6294)
w(4,13106,1,251,6295)
w(0,13107,1,251,6296)
w(1,13108,1,251,6297)
w(6,13109,1,251,6298)
w(3,13110,1,251,6299)
w(0,13111,1,252,6300)
w(13,13112,1,252,6301)
w(1,13113,1,252,6302)
w(1,13114,1,252,6303)
w(2,13115,1,252,6304)
w(0,13116,1,252,6305)
w(1,13117,1,252,6306)
w(1,13118,1,252,6307)
w(14,13119,1,252,6308)
w(8,13120,1,252,6309)
w(0,13121,1,252,6310)
w(0,13122,1,252,6311)
w(0,13123,1,252,6312)
w(14,13124,1,252,6313)
w(14,13125,1,252,6314)
w(6,13126,1,252,6315)
w(1,13127,1,252,6316)
w(3,13128,1,252,6317)
w(0,13129,1,252,6318)
w(3,13130,1,252,6319)
w(4,13131,1,252,6320)
w(7,13132,1,252,6321)
w(1,13133,1,252,6322)
w(0,13134,1,252,6323)
w(5,13135,1,252,6324)
r(7,13132,1,253,6325)
r(11,73233,1,253,6326)
r(0,13134,1,253,6327)
r(5,13135,1,253,6328)
r(3,13130,1,253,6329)
r(16,73188,1,253,6330)
r(6,13126,1,253,6331)
r(9,33344,1,253,6332)
r(10,3329,1,253,6333)
r(11,73233,1,253,6334)
r(8,13120,1,253,6335)
r(15,13103,1,253,6336)
r(5,13135,1,253,6337)
r(0,13134,1,253,6338)
r(5,13135,1,253,6339)
r(4,13131,1,253,6340)
r(0,13134,1,253,6341)
r(17,3277,1,253,6342)
r(8,13120,1,253,6343)
r(6,13126,1,253,6344)
r(0,13134,1,253,6345)
r(0,13134,1,253,6346)
r(0,13134,1,253,6347)
r(1,13133,1,253,6348)
r(12,33350,1,253,6349)
r(16,73188,1,254,6350)
r(1,13133,1,254,6351)
r(16,73188,1,254,6352)
r(7,13132,1,254,6353)
r(1,13133,1,254,6354)
r(0,13134,1,254,6355)
r(2,13115,1,254,6356)
r(18,93327,1,254,6357)
r(2,13115,1,254,6358)
r(5,13135,1,254,6359)
r(1,13133,1,254,6360)
r(9,33344,1,254,6361)
r(6,13126,1,254,6362)
r(10,3329,1,254,6363)
r(2,13115,1,254,6364)
r(4,13131,1,254,6365)
r(0,13134,1,254,6366)
r(4,13131,1,254,6367)
r(2,13115,1,254,6368)
r(0,13134,1,254,6369)
r(15,13103,1,254,6370)
r(0,13134,1,254,6371)
r(3,13130,1,254,6372)
r(18,93327,1,254,6373)
r(1,13133,1,254,6374)
r(0,33396,1,255,6375)
r(0,33396,1,255,6376)
r(11,33391,1,255,6377)
r(1,33385,1,255,6378)
r(0,33396,1,255,6379)
r(18,93327,1,255,6380)
r(2,33400,1,255,6381)
r(7,33390,1,255,6382)
r(18,93327,1,255,6383)
r(1,33385,1,255,6384)
r(3,33405,1,255,6385)
r(7,33390,1,255,6386)
w(4,13136,1,255,6387)
w(0,13137,1,255,6388)
w(7,13138,1,255,6389)
w(1,13139,1,255,6390)
w(17,13140,1,255,6391)
w(0,13141,1,255,6392)
w(0,13142,1,255,6393)
w(1,13143,1,255,6394)
w(4,13144,1,255,6395)
w(2,13145,1,255,6396)
w(13,13146,1,255,6397)
w(2,13147,1,255,6398)
w(13,13148,1,255,6399)
