w(3,80013,8,1,25)
w(2,80014,8,1,26)
w(2,80015,8,1,27)
w(0,80016,8,1,28)
w(10,80017,8,1,29)
w(6,80018,8,1,30)
w(13,80019,8,1,31)
w(0,80020,8,1,32)
w(17,80021,8,1,33)
w(1,80022,8,1,34)
w(1,80023,8,1,35)
w(2,80024,8,1,36)
w(10,80025,8,1,37)
w(1,80026,8,1,38)
w(3,80027,8,1,39)
w(1,80028,8,1,40)
w(0,80029,8,1,41)
w(1,80030,8,1,42)
w(7,80031,8,1,43)
w(5,80032,8,1,44)
w(3,80033,8,1,45)
w(4,80034,8,1,46)
w(17,80035,8,1,47)
w(4,80036,8,1,48)
w(18,80037,8,1,49)
r(0,20023,8,3,75)
r(3,80033,8,3,76)
r(10,20018,8,3,77)
r(0,20023,8,3,78)
r(0,20023,8,3,79)
r(2,20016,8,3,80)
r(3,80033,8,3,81)
r(1,20019,8,3,82)
r(1,20019,8,3,83)
r(6,80018,8,3,84)
r(9,90005,8,3,85)
r(2,20016,8,3,86)
r(0,20023,8,3,87)
r(0,20023,8,3,88)
r(0,20023,8,3,89)
r(4,20022,8,3,90)
r(6,80018,8,3,91)
r(0,20023,8,3,92)
r(3,80033,8,3,93)
r(1,20019,8,3,94)
r(1,20019,8,3,95)
r(7,20020,8,3,96)
r(1,20019,8,3,97)
r(9,90005,8,3,98)
r(0,20023,8,3,99)
r(11,20109,8,11,275)
r(4,70144,8,11,276)
r(1,70152,8,11,277)
r(9,70154,8,11,278)
r(2,40149,8,11,279)
r(7,40138,8,11,280)
r(3,40141,8,11,281)
r(19,90009,8,11,282)
r(6,70135,8,11,283)
r(1,70152,8,11,284)
r(0,70155,8,11,285)
r(3,40141,8,11,286)
r(3,40141,8,11,287)
r(4,70144,8,11,288)
r(0,70155,8,11,289)
r(0,70155,8,11,290)
r(0,70155,8,11,291)
r(3,40141,8,11,292)
r(16,70142,8,11,293)
r(5,70151,8,11,294)
r(0,70155,8,11,295)
r(1,70152,8,11,296)
r(0,70155,8,11,297)
r(0,70155,8,11,298)
r(6,70135,8,11,299)
r(3,40141,8,12,300)
r(9,30154,8,12,301)
r(18,80037,8,12,302)
r(9,30154,8,12,303)
r(5,70151,8,12,304)
r(14,70136,8,12,305)
r(3,40141,8,12,306)
r(12,30155,8,12,307)
r(0,30156,8,12,308)
r(0,30156,8,12,309)
r(0,30156,8,12,310)
r(14,70136,8,12,311)
r(3,40141,8,12,312)
r(2,30157,8,12,313)
r(1,70152,8,12,314)
r(3,40141,8,12,315)
r(4,70144,8,12,316)
r(4,70144,8,12,317)
r(19,90009,8,12,318)
r(8,70158,8,12,319)
r(5,70151,8,12,320)
r(0,30156,8,12,321)
r(0,30156,8,12,322)
r(4,70144,8,12,323)
r(0,30156,8,12,324)
r(2,90279,8,19,475)
r(11,90266,8,19,476)
r(0,90280,8,19,477)
r(0,90280,8,19,478)
r(4,90247,8,19,479)
r(7,10265,8,19,480)
r(11,90266,8,19,481)
r(2,90279,8,19,482)
r(1,90273,8,19,483)
r(8,90277,8,19,484)
r(0,90280,8,19,485)
r(0,90280,8,19,486)
r(1,90273,8,19,487)
w(19,80286,8,19,488)
w(1,80287,8,19,489)
w(0,80288,8,19,490)
w(1,80289,8,19,491)
w(0,80290,8,19,492)
w(0,80291,8,19,493)
w(6,80292,8,19,494)
w(0,80293,8,19,495)
w(5,80294,8,19,496)
w(1,80295,8,19,497)
w(4,80296,8,19,498)
w(5,80297,8,19,499)
r(4,80296,8,20,500)
r(10,90282,8,20,501)
r(1,80295,8,20,502)
r(3,70305,8,20,503)
r(1,80295,8,20,504)
r(13,90276,8,20,505)
r(0,80293,8,20,506)
r(3,70305,8,20,507)
r(0,80293,8,20,508)
r(0,80293,8,20,509)
r(0,80293,8,20,510)
r(2,70303,8,20,511)
r(0,80293,8,20,512)
r(7,10265,8,20,513)
r(13,90276,8,20,514)
r(6,80292,8,20,515)
r(0,80293,8,20,516)
r(1,80295,8,20,517)
r(11,70301,8,20,518)
r(1,80295,8,20,519)
r(0,80293,8,20,520)
r(0,80293,8,20,521)
r(3,70305,8,20,522)
r(17,30230,8,20,523)
r(5,80297,8,20,524)
r(11,50286,8,21,525)
r(0,50281,8,21,526)
r(15,90242,8,21,527)
r(17,30230,8,21,528)
r(6,80292,8,21,529)
r(12,30260,8,21,530)
r(0,50281,8,21,531)
r(1,50285,8,21,532)
r(0,50281,8,21,533)
r(0,50281,8,21,534)
r(5,80297,8,21,535)
r(1,50285,8,21,536)
r(3,50283,8,21,537)
r(2,50282,8,21,538)
r(2,50282,8,21,539)
r(13,90276,8,21,540)
r(0,50281,8,21,541)
r(4,80296,8,21,542)
r(2,50282,8,21,543)
r(1,50285,8,21,544)
r(2,50282,8,21,545)
r(0,50281,8,21,546)
r(0,50281,8,21,547)
r(6,80292,8,21,548)
r(0,50281,8,21,549)
r(0,90359,8,24,600)
r(0,90359,8,24,601)
r(3,50304,8,24,602)
r(0,90359,8,24,603)
r(9,70307,8,24,604)
r(1,90363,8,24,605)
r(0,90359,8,24,606)
r(0,90359,8,24,607)
r(1,90363,8,24,608)
r(12,60289,8,24,609)
r(0,90359,8,24,610)
r(2,90354,8,24,611)
r(13,90361,8,24,612)
r(2,90354,8,24,613)
r(9,70307,8,24,614)
r(13,90361,8,24,615)
r(0,90359,8,24,616)
r(4,90353,8,24,617)
r(7,90331,8,24,618)
r(3,50304,8,24,619)
r(0,90359,8,24,620)
r(2,90354,8,24,621)
r(12,60289,8,24,622)
r(0,90359,8,24,623)
r(0,90359,8,24,624)
w(6,80375,8,28,700)
w(6,80376,8,28,701)
w(6,80377,8,28,702)
w(15,80378,8,28,703)
w(1,80379,8,28,704)
w(0,80380,8,28,705)
w(9,80381,8,28,706)
w(14,80382,8,28,707)
w(11,80383,8,28,708)
w(2,80384,8,28,709)
w(11,80385,8,28,710)
w(1,80386,8,28,711)
w(2,80387,8,28,712)
w(1,80388,8,28,713)
w(12,80389,8,28,714)
w(9,80390,8,28,715)
w(1,80391,8,28,716)
w(13,80392,8,28,717)
w(1,80393,8,28,718)
w(18,80394,8,28,719)
w(0,80395,8,28,720)
w(0,80396,8,28,721)
w(2,80397,8,28,722)
w(9,80398,8,28,723)
w(15,80399,8,28,724)
r(0,80396,8,29,725)
r(12,80389,8,29,726)
r(3,459,8,29,727)
r(18,80394,8,29,728)
r(1,80393,8,29,729)
r(2,80397,8,29,730)
r(10,90355,8,29,731)
r(1,80393,8,29,732)
r(10,90355,8,29,733)
r(1,80393,8,29,734)
r(3,459,8,29,735)
r(3,459,8,29,736)
r(0,80396,8,29,737)
r(0,80396,8,29,738)
r(2,80397,8,29,739)
r(9,80398,8,29,740)
r(3,459,8,29,741)
w(1,80400,8,29,742)
w(1,80401,8,29,743)
w(10,80402,8,29,744)
w(11,80403,8,29,745)
w(3,80404,8,29,746)
w(2,80405,8,29,747)
w(0,80406,8,29,748)
w(18,80407,8,29,749)
r(4,60420,8,34,850)
r(0,70450,8,34,851)
r(1,70443,8,34,852)
r(8,90467,8,34,853)
r(5,90461,8,34,854)
r(1,70443,8,34,855)
r(4,60420,8,34,856)
r(4,60420,8,34,857)
r(1,70443,8,34,858)
r(6,60416,8,34,859)
r(7,60415,8,34,860)
w(0,80475,8,34,861)
w(19,80476,8,34,862)
w(2,80477,8,34,863)
w(2,80478,8,34,864)
w(5,80479,8,34,865)
w(2,80480,8,34,866)
w(18,80481,8,34,867)
w(1,80482,8,34,868)
w(0,80483,8,34,869)
w(1,80484,8,34,870)
w(12,80485,8,34,871)
w(4,80486,8,34,872)
w(19,80487,8,34,873)
w(1,80488,8,34,874)
r(5,80479,8,35,875)
r(4,80486,8,35,876)
r(13,10383,8,35,877)
r(7,60415,8,35,878)
r(0,80483,8,35,879)
r(1,80488,8,35,880)
r(0,80483,8,35,881)
r(1,80488,8,35,882)
r(5,80479,8,35,883)
r(0,80483,8,35,884)
r(4,80486,8,35,885)
r(0,80483,8,35,886)
r(0,80483,8,35,887)
w(0,80489,8,35,888)
w(1,80490,8,35,889)
w(14,80491,8,35,890)
w(15,80492,8,35,891)
w(0,80493,8,35,892)
w(0,80494,8,35,893)
w(3,80495,8,35,894)
w(18,80496,8,35,895)
w(0,80497,8,35,896)
w(1,80498,8,35,897)
w(6,80499,8,35,898)
w(8,80500,8,35,899)
r(0,80497,8,36,900)
r(19,80487,8,36,901)
r(1,80498,8,36,902)
r(14,80491,8,36,903)
r(2,80480,8,36,904)
r(2,80480,8,36,905)
r(0,80497,8,36,906)
r(0,80497,8,36,907)
r(2,80480,8,36,908)
r(5,80479,8,36,909)
r(19,80487,8,36,910)
r(8,80500,8,36,911)
r(2,80480,8,36,912)
w(5,80501,8,36,913)
w(0,80502,8,36,914)
w(1,80503,8,36,915)
w(0,80504,8,36,916)
w(0,80505,8,36,917)
w(3,80506,8,36,918)
w(0,80507,8,36,919)
w(5,80508,8,36,920)
w(17,80509,8,36,921)
w(4,80510,8,36,922)
w(2,80511,8,36,923)
w(2,80512,8,36,924)
r(1,40514,8,40,1000)
r(3,50488,8,40,1001)
r(2,40520,8,40,1002)
r(7,90511,8,40,1003)
r(4,40513,8,40,1004)
r(8,20535,8,40,1005)
r(1,40514,8,40,1006)
r(4,40513,8,40,1007)
r(17,20530,8,40,1008)
r(0,40508,8,40,1009)
r(2,40520,8,40,1010)
r(0,40508,8,40,1011)
r(0,40508,8,40,1012)
r(5,50482,8,40,1013)
r(0,40508,8,40,1014)
r(0,40508,8,40,1015)
r(0,40508,8,40,1016)
r(0,40508,8,40,1017)
r(0,40508,8,40,1018)
r(8,20535,8,40,1019)
r(0,40508,8,40,1020)
r(1,40514,8,40,1021)
r(1,40514,8,40,1022)
r(0,40508,8,40,1023)
r(15,70501,8,40,1024)
r(1,30514,8,42,1050)
r(4,30512,8,42,1051)
r(0,30516,8,42,1052)
r(19,50490,8,42,1053)
r(8,30515,8,42,1054)
r(14,40511,8,42,1055)
r(14,40511,8,42,1056)
r(15,70501,8,42,1057)
r(0,30516,8,42,1058)
r(1,30514,8,42,1059)
r(8,30515,8,42,1060)
r(0,30516,8,42,1061)
r(1,30514,8,42,1062)
r(5,50482,8,42,1063)
r(3,50488,8,42,1064)
r(9,50494,8,42,1065)
r(2,30517,8,42,1066)
r(10,30521,8,42,1067)
r(0,30516,8,42,1068)
r(15,70501,8,42,1069)
r(10,30521,8,42,1070)
r(1,30514,8,42,1071)
r(8,30515,8,42,1072)
r(7,90511,8,42,1073)
r(11,30518,8,42,1074)
r(0,60506,8,44,1100)
r(10,30521,8,44,1101)
r(13,60493,8,44,1102)
r(13,60493,8,44,1103)
r(0,60506,8,44,1104)
r(1,60497,8,44,1105)
r(12,60496,8,44,1106)
r(8,60504,8,44,1107)
r(4,60499,8,44,1108)
r(0,60506,8,44,1109)
r(4,60499,8,44,1110)
r(1,60497,8,44,1111)
r(7,90511,8,44,1112)
r(0,60506,8,44,1113)
r(0,60506,8,44,1114)
r(1,60497,8,44,1115)
r(8,60504,8,44,1116)
r(0,60506,8,44,1117)
r(4,60499,8,44,1118)
r(14,40511,8,44,1119)
r(15,70501,8,44,1120)
r(8,60504,8,44,1121)
r(17,20530,8,44,1122)
r(0,60506,8,44,1123)
r(2,30517,8,44,1124)
w(0,80590,8,45,1125)
w(4,80591,8,45,1126)
w(4,80592,8,45,1127)
w(14,80593,8,45,1128)
w(7,80594,8,45,1129)
w(9,80595,8,45,1130)
w(0,80596,8,45,1131)
w(4,80597,8,45,1132)
w(1,80598,8,45,1133)
w(4,80599,8,45,1134)
w(0,80600,8,45,1135)
w(14,80601,8,45,1136)
w(13,80602,8,45,1137)
w(17,80603,8,45,1138)
w(13,80604,8,45,1139)
w(2,80605,8,45,1140)
w(4,80606,8,45,1141)
w(18,80607,8,45,1142)
w(9,80608,8,45,1143)
w(0,80609,8,45,1144)
w(8,80610,8,45,1145)
w(10,80611,8,45,1146)
w(0,80612,8,45,1147)
w(4,80613,8,45,1148)
w(5,80614,8,45,1149)
r(2,70596,8,48,1200)
r(10,70592,8,48,1201)
r(0,70598,8,48,1202)
r(3,654,8,48,1203)
r(4,658,8,48,1204)
r(0,70598,8,48,1205)
r(11,40559,8,48,1206)
r(16,30565,8,48,1207)
r(2,70596,8,48,1208)
r(4,658,8,48,1209)
r(0,70598,8,48,1210)
r(4,658,8,48,1211)
r(0,70598,8,48,1212)
r(1,70597,8,48,1213)
r(8,40550,8,48,1214)
r(0,70598,8,48,1215)
r(6,30569,8,48,1216)
r(10,70592,8,48,1217)
r(3,654,8,48,1218)
r(8,40550,8,48,1219)
r(0,70598,8,48,1220)
r(9,70591,8,48,1221)
r(19,30563,8,48,1222)
r(1,70597,8,48,1223)
r(1,70597,8,48,1224)
r(0,10585,8,49,1225)
r(12,10579,8,49,1226)
r(1,70618,8,49,1227)
r(14,10583,8,49,1228)
r(4,70614,8,49,1229)
r(16,30565,8,49,1230)
r(7,70613,8,49,1231)
r(7,70613,8,49,1232)
r(4,70614,8,49,1233)
r(1,70618,8,49,1234)
r(0,10585,8,49,1235)
r(12,10579,8,49,1236)
r(6,70615,8,49,1237)
r(0,10585,8,49,1238)
w(12,80652,8,49,1239)
w(3,80653,8,49,1240)
w(6,80654,8,49,1241)
w(0,80655,8,49,1242)
w(0,80656,8,49,1243)
w(0,80657,8,49,1244)
w(15,80658,8,49,1245)
w(0,80659,8,49,1246)
w(13,80660,8,49,1247)
w(8,80661,8,49,1248)
w(3,80662,8,49,1249)
r(2,50564,8,50,1250)
r(2,50564,8,50,1251)
r(6,80654,8,50,1252)
r(7,50559,8,50,1253)
r(2,50564,8,50,1254)
r(0,80659,8,50,1255)
r(0,80659,8,50,1256)
r(0,80659,8,50,1257)
r(13,80660,8,50,1258)
r(18,657,8,50,1259)
r(6,80654,8,50,1260)
r(9,50561,8,50,1261)
r(0,80659,8,50,1262)
r(6,80654,8,50,1263)
r(6,80654,8,50,1264)
r(13,80660,8,50,1265)
r(4,50563,8,50,1266)
r(6,80654,8,50,1267)
r(0,80659,8,50,1268)
r(0,80659,8,50,1269)
r(0,80659,8,50,1270)
r(1,50558,8,50,1271)
r(3,80662,8,50,1272)
r(4,50563,8,50,1273)
r(2,50564,8,50,1274)
r(0,40592,8,52,1300)
r(0,40592,8,52,1301)
r(1,40591,8,52,1302)
r(10,50553,8,52,1303)
r(0,40592,8,52,1304)
r(1,40591,8,52,1305)
r(1,40591,8,52,1306)
r(14,10583,8,52,1307)
r(17,50560,8,52,1308)
r(0,40592,8,52,1309)
r(4,40589,8,52,1310)
r(0,40592,8,52,1311)
r(1,40591,8,52,1312)
r(1,40591,8,52,1313)
r(15,80658,8,52,1314)
r(0,40592,8,52,1315)
r(0,40592,8,52,1316)
r(2,50564,8,52,1317)
r(0,40592,8,52,1318)
r(4,40589,8,52,1319)
r(0,40592,8,52,1320)
r(0,40592,8,52,1321)
r(9,40585,8,52,1322)
r(10,50553,8,52,1323)
r(0,40592,8,52,1324)
r(0,40615,8,54,1350)
r(3,20693,8,54,1351)
r(18,60588,8,54,1352)
r(2,40617,8,54,1353)
r(9,60589,8,54,1354)
r(3,20693,8,54,1355)
r(0,40615,8,54,1356)
r(1,40616,8,54,1357)
r(11,70620,8,54,1358)
r(0,40615,8,54,1359)
r(0,40615,8,54,1360)
w(14,80685,8,54,1361)
w(0,80686,8,54,1362)
w(0,80687,8,54,1363)
w(0,80688,8,54,1364)
w(2,80689,8,54,1365)
w(7,80690,8,54,1366)
w(1,80691,8,54,1367)
w(2,80692,8,54,1368)
w(6,80693,8,54,1369)
w(0,80694,8,54,1370)
w(0,80695,8,54,1371)
w(3,80696,8,54,1372)
w(0,80697,8,54,1373)
w(3,80698,8,54,1374)
r(15,763,8,57,1425)
r(0,20743,8,57,1426)
r(0,20743,8,57,1427)
r(8,80661,8,57,1428)
r(0,20743,8,57,1429)
r(17,50560,8,57,1430)
r(3,80698,8,57,1431)
r(2,20741,8,57,1432)
r(0,20743,8,57,1433)
r(0,20743,8,57,1434)
r(4,10647,8,57,1435)
r(0,20743,8,57,1436)
r(3,80698,8,57,1437)
r(13,10644,8,57,1438)
r(3,80698,8,57,1439)
r(1,20744,8,57,1440)
r(13,10644,8,57,1441)
r(10,40625,8,57,1442)
r(5,20740,8,57,1443)
r(3,80698,8,57,1444)
r(0,20743,8,57,1445)
r(0,20743,8,57,1446)
r(0,20743,8,57,1447)
r(13,10644,8,57,1448)
r(3,80698,8,57,1449)
r(1,20744,8,58,1450)
r(7,770,8,58,1451)
r(15,763,8,58,1452)
r(1,20744,8,58,1453)
r(5,20740,8,58,1454)
r(4,10647,8,58,1455)
r(3,80698,8,58,1456)
r(5,20740,8,58,1457)
r(5,20740,8,58,1458)
r(0,20743,8,58,1459)
r(1,20744,8,58,1460)
r(1,20744,8,58,1461)
w(11,80723,8,58,1462)
w(0,80724,8,58,1463)
w(1,80725,8,58,1464)
w(9,80726,8,58,1465)
w(19,80727,8,58,1466)
w(16,80728,8,58,1467)
w(10,80729,8,58,1468)
w(0,80730,8,58,1469)
w(0,80731,8,58,1470)
w(0,80732,8,58,1471)
w(1,80733,8,58,1472)
w(3,80734,8,58,1473)
w(7,80735,8,58,1474)
w(3,80762,8,61,1525)
w(9,80763,8,61,1526)
w(15,80764,8,61,1527)
w(1,80765,8,61,1528)
w(7,80766,8,61,1529)
w(9,80767,8,61,1530)
w(1,80768,8,61,1531)
w(2,80769,8,61,1532)
w(1,80770,8,61,1533)
w(0,80771,8,61,1534)
w(0,80772,8,61,1535)
w(2,80773,8,61,1536)
w(10,80774,8,61,1537)
w(6,80775,8,61,1538)
w(0,80776,8,61,1539)
w(8,80777,8,61,1540)
w(3,80778,8,61,1541)
w(17,80779,8,61,1542)
w(1,80780,8,61,1543)
w(1,80781,8,61,1544)
w(4,80782,8,61,1545)
w(0,80783,8,61,1546)
w(0,80784,8,61,1547)
w(1,80785,8,61,1548)
w(19,80786,8,61,1549)
r(9,80767,8,62,1550)
r(0,80784,8,62,1551)
r(7,80766,8,62,1552)
r(5,50650,8,62,1553)
r(6,80775,8,62,1554)
r(8,80777,8,62,1555)
r(3,80778,8,62,1556)
r(0,80784,8,62,1557)
r(1,80785,8,62,1558)
r(9,80767,8,62,1559)
r(0,80784,8,62,1560)
r(11,60671,8,62,1561)
r(3,80778,8,62,1562)
r(0,80784,8,62,1563)
r(3,80778,8,62,1564)
r(0,80784,8,62,1565)
r(4,80782,8,62,1566)
r(0,80784,8,62,1567)
r(0,80784,8,62,1568)
r(3,80778,8,62,1569)
r(0,80784,8,62,1570)
r(3,80778,8,62,1571)
r(0,80784,8,62,1572)
r(1,80785,8,62,1573)
r(0,80784,8,62,1574)
r(4,80782,8,63,1575)
r(0,80784,8,63,1576)
r(5,50650,8,63,1577)
r(0,80784,8,63,1578)
r(2,80773,8,63,1579)
r(0,80784,8,63,1580)
r(10,80774,8,63,1581)
r(0,80784,8,63,1582)
r(3,80778,8,63,1583)
r(8,80777,8,63,1584)
r(8,80777,8,63,1585)
r(2,80773,8,63,1586)
r(0,80784,8,63,1587)
r(0,80784,8,63,1588)
r(0,80784,8,63,1589)
r(2,80773,8,63,1590)
w(1,80787,8,63,1591)
w(7,80788,8,63,1592)
w(7,80789,8,63,1593)
w(13,80790,8,63,1594)
w(6,80791,8,63,1595)
w(18,80792,8,63,1596)
w(1,80793,8,63,1597)
w(0,80794,8,63,1598)
w(0,80795,8,63,1599)
r(14,50664,8,64,1600)
r(4,80782,8,64,1601)
r(16,50669,8,64,1602)
r(3,90785,8,64,1603)
r(1,80793,8,64,1604)
r(1,80793,8,64,1605)
r(5,90787,8,64,1606)
r(1,80793,8,64,1607)
r(0,80795,8,64,1608)
r(18,80792,8,64,1609)
r(3,90785,8,64,1610)
r(15,80764,8,64,1611)
w(8,80796,8,64,1612)
w(2,80797,8,64,1613)
w(13,80798,8,64,1614)
w(0,80799,8,64,1615)
w(14,80800,8,64,1616)
w(3,80801,8,64,1617)
w(11,80802,8,64,1618)
w(1,80803,8,64,1619)
w(0,80804,8,64,1620)
w(0,80805,8,64,1621)
w(0,80806,8,64,1622)
w(9,80807,8,64,1623)
w(9,80808,8,64,1624)
r(7,80789,8,65,1625)
r(14,80800,8,65,1626)
r(9,80808,8,65,1627)
r(0,80806,8,65,1628)
r(0,80806,8,65,1629)
r(8,80796,8,65,1630)
r(7,80789,8,65,1631)
r(2,80797,8,65,1632)
r(0,80806,8,65,1633)
r(0,80806,8,65,1634)
r(8,80796,8,65,1635)
r(0,80806,8,65,1636)
r(7,80789,8,65,1637)
r(1,80803,8,65,1638)
r(14,80800,8,65,1639)
r(5,90787,8,65,1640)
r(2,80797,8,65,1641)
r(1,80803,8,65,1642)
r(1,80803,8,65,1643)
r(2,80797,8,65,1644)
r(0,80806,8,65,1645)
r(6,80791,8,65,1646)
r(8,80796,8,65,1647)
r(12,50651,8,65,1648)
r(0,80806,8,65,1649)
r(2,20845,8,69,1725)
r(7,40735,8,69,1726)
r(4,20866,8,69,1727)
r(17,20858,8,69,1728)
r(3,20861,8,69,1729)
r(2,20845,8,69,1730)
r(1,20860,8,69,1731)
r(18,20867,8,69,1732)
r(4,20866,8,69,1733)
r(1,20860,8,69,1734)
r(1,20860,8,69,1735)
r(2,20845,8,69,1736)
r(0,20857,8,69,1737)
r(0,20857,8,69,1738)
r(7,40735,8,69,1739)
r(0,20857,8,69,1740)
r(0,20857,8,69,1741)
r(17,20858,8,69,1742)
r(2,20845,8,69,1743)
r(1,20860,8,69,1744)
r(1,20860,8,69,1745)
r(6,20865,8,69,1746)
r(4,20866,8,69,1747)
r(0,20857,8,69,1748)
r(1,20860,8,69,1749)
r(4,20866,8,71,1775)
r(12,70743,8,71,1776)
r(4,20866,8,71,1777)
r(7,40735,8,71,1778)
r(8,20856,8,71,1779)
r(4,20866,8,71,1780)
r(6,20865,8,71,1781)
r(4,20866,8,71,1782)
r(18,20867,8,71,1783)
r(6,20865,8,71,1784)
r(0,20857,8,71,1785)
r(7,40735,8,71,1786)
w(2,80874,8,71,1787)
w(4,80875,8,71,1788)
w(0,80876,8,71,1789)
w(15,80877,8,71,1790)
w(5,80878,8,71,1791)
w(9,80879,8,71,1792)
w(6,80880,8,71,1793)
w(18,80881,8,71,1794)
w(17,80882,8,71,1795)
w(14,80883,8,71,1796)
w(17,80884,8,71,1797)
w(8,80885,8,71,1798)
w(16,80886,8,71,1799)
r(0,80876,8,72,1800)
r(2,80874,8,72,1801)
r(2,80874,8,72,1802)
r(15,80877,8,72,1803)
r(0,80876,8,72,1804)
r(2,80874,8,72,1805)
r(0,80876,8,72,1806)
r(6,80880,8,72,1807)
r(1,20860,8,72,1808)
r(1,20860,8,72,1809)
r(1,20860,8,72,1810)
r(0,80876,8,72,1811)
r(0,80876,8,72,1812)
r(10,20859,8,72,1813)
r(0,80876,8,72,1814)
r(2,80874,8,72,1815)
r(0,80876,8,72,1816)
r(4,80875,8,72,1817)
r(8,80885,8,72,1818)
r(11,20847,8,72,1819)
r(2,80874,8,72,1820)
r(11,20847,8,72,1821)
r(0,80876,8,72,1822)
r(17,80884,8,72,1823)
r(2,80874,8,72,1824)
r(0,90905,8,76,1900)
r(16,80886,8,76,1901)
r(9,90901,8,76,1902)
r(1,60797,8,76,1903)
r(0,90905,8,76,1904)
r(1,60797,8,76,1905)
r(1,60797,8,76,1906)
r(0,90905,8,76,1907)
r(1,60797,8,76,1908)
r(1,60797,8,76,1909)
r(10,90895,8,76,1910)
r(1,60797,8,76,1911)
w(9,80924,8,76,1912)
w(8,80925,8,76,1913)
w(11,80926,8,76,1914)
w(15,80927,8,76,1915)
w(17,80928,8,76,1916)
w(13,80929,8,76,1917)
w(3,80930,8,76,1918)
w(2,80931,8,76,1919)
w(15,80932,8,76,1920)
w(10,80933,8,76,1921)
w(0,80934,8,76,1922)
w(13,80935,8,76,1923)
w(3,80936,8,76,1924)
r(0,30907,8,79,1975)
r(0,30907,8,79,1976)
r(9,10819,8,79,1977)
r(13,30902,8,79,1978)
r(3,10831,8,79,1979)
r(0,30907,8,79,1980)
r(8,30909,8,79,1981)
r(0,30907,8,79,1982)
r(0,30907,8,79,1983)
r(0,30907,8,79,1984)
r(7,90929,8,79,1985)
r(0,30907,8,79,1986)
w(0,80960,8,79,1987)
w(0,80961,8,79,1988)
w(0,80962,8,79,1989)
w(16,80963,8,79,1990)
w(0,80964,8,79,1991)
w(12,80965,8,79,1992)
w(6,80966,8,79,1993)
w(0,80967,8,79,1994)
w(7,80968,8,79,1995)
w(7,80969,8,79,1996)
w(1,80970,8,79,1997)
w(3,80971,8,79,1998)
w(15,80972,8,79,1999)
r(0,50798,8,81,2025)
r(6,70835,8,81,2026)
r(1,50822,8,81,2027)
r(6,70835,8,81,2028)
r(14,20981,8,81,2029)
r(0,50798,8,81,2030)
r(0,50798,8,81,2031)
r(3,50815,8,81,2032)
r(6,70835,8,81,2033)
r(11,10852,8,81,2034)
r(12,50803,8,81,2035)
r(2,50816,8,81,2036)
r(8,20998,8,81,2037)
r(4,50819,8,81,2038)
w(0,80987,8,81,2039)
w(2,80988,8,81,2040)
w(0,80989,8,81,2041)
w(0,80990,8,81,2042)
w(6,80991,8,81,2043)
w(13,80992,8,81,2044)
w(11,80993,8,81,2045)
w(10,80994,8,81,2046)
w(4,80995,8,81,2047)
w(10,80996,8,81,2048)
w(19,80997,8,81,2049)
r(5,10888,8,83,2075)
r(0,10889,8,83,2076)
r(1,90986,8,83,2077)
r(0,10889,8,83,2078)
r(0,10889,8,83,2079)
r(0,10889,8,83,2080)
r(11,90990,8,83,2081)
r(2,90981,8,83,2082)
r(2,90981,8,83,2083)
r(6,80991,8,83,2084)
r(1,90986,8,83,2085)
r(2,90981,8,83,2086)
r(15,50818,8,83,2087)
r(5,10888,8,83,2088)
w(9,81010,8,83,2089)
w(13,81011,8,83,2090)
w(0,81012,8,83,2091)
w(0,81013,8,83,2092)
w(0,81014,8,83,2093)
w(4,81015,8,83,2094)
w(5,81016,8,83,2095)
w(0,81017,8,83,2096)
w(13,81018,8,83,2097)
w(0,81019,8,83,2098)
w(3,81020,8,83,2099)
r(4,81015,8,84,2100)
r(1,1026,8,84,2101)
r(9,81010,8,84,2102)
r(2,1030,8,84,2103)
r(16,50813,8,84,2104)
r(5,81016,8,84,2105)
r(13,81018,8,84,2106)
r(3,81020,8,84,2107)
r(6,1024,8,84,2108)
r(18,20995,8,84,2109)
r(0,81019,8,84,2110)
r(3,81020,8,84,2111)
r(0,81019,8,84,2112)
w(13,81021,8,84,2113)
w(12,81022,8,84,2114)
w(4,81023,8,84,2115)
w(5,81024,8,84,2116)
w(2,81025,8,84,2117)
w(19,81026,8,84,2118)
w(8,81027,8,84,2119)
w(4,81028,8,84,2120)
w(0,81029,8,84,2121)
w(3,81030,8,84,2122)
w(0,81031,8,84,2123)
w(5,81032,8,84,2124)
r(1,1039,8,85,2125)
r(0,81031,8,85,2126)
r(3,81030,8,85,2127)
r(8,81027,8,85,2128)
r(0,81031,8,85,2129)
r(0,81031,8,85,2130)
r(3,81030,8,85,2131)
r(17,1031,8,85,2132)
r(11,1019,8,85,2133)
r(0,81031,8,85,2134)
r(11,1019,8,85,2135)
r(1,1039,8,85,2136)
r(0,81031,8,85,2137)
r(0,81031,8,85,2138)
w(2,81033,8,85,2139)
w(6,81034,8,85,2140)
w(7,81035,8,85,2141)
w(1,81036,8,85,2142)
w(0,81037,8,85,2143)
w(3,81038,8,85,2144)
w(10,81039,8,85,2145)
w(5,81040,8,85,2146)
w(2,81041,8,85,2147)
w(2,81042,8,85,2148)
w(3,81043,8,85,2149)
r(15,60938,8,86,2150)
r(9,81010,8,86,2151)
r(5,81040,8,86,2152)
r(12,81022,8,86,2153)
r(3,81043,8,86,2154)
r(1,81036,8,86,2155)
r(1,81036,8,86,2156)
r(1,81036,8,86,2157)
r(0,81037,8,86,2158)
r(15,60938,8,86,2159)
r(0,81037,8,86,2160)
r(2,81042,8,86,2161)
r(0,81037,8,86,2162)
r(6,81034,8,86,2163)
r(14,1038,8,86,2164)
r(9,81010,8,86,2165)
r(0,81037,8,86,2166)
r(3,81043,8,86,2167)
r(3,81043,8,86,2168)
r(0,81037,8,86,2169)
r(5,81040,8,86,2170)
r(12,81022,8,86,2171)
r(2,81042,8,86,2172)
r(2,81042,8,86,2173)
r(4,60941,8,86,2174)
r(3,1075,8,89,2225)
r(0,21094,8,89,2226)
r(4,21088,8,89,2227)
r(0,21094,8,89,2228)
r(5,1084,8,89,2229)
r(19,60975,8,89,2230)
r(0,21094,8,89,2231)
r(10,81039,8,89,2232)
r(19,60975,8,89,2233)
r(0,21094,8,89,2234)
r(9,60962,8,89,2235)
r(3,1075,8,89,2236)
r(0,21094,8,89,2237)
r(2,21087,8,89,2238)
r(0,21094,8,89,2239)
r(4,21088,8,89,2240)
r(2,21087,8,89,2241)
w(0,81071,8,89,2242)
w(0,81072,8,89,2243)
w(5,81073,8,89,2244)
w(0,81074,8,89,2245)
w(18,81075,8,89,2246)
w(0,81076,8,89,2247)
w(1,81077,8,89,2248)
w(13,81078,8,89,2249)
w(2,81152,8,94,2350)
w(0,81153,8,94,2351)
w(8,81154,8,94,2352)
w(0,81155,8,94,2353)
w(7,81156,8,94,2354)
w(18,81157,8,94,2355)
w(2,81158,8,94,2356)
w(0,81159,8,94,2357)
w(4,81160,8,94,2358)
w(3,81161,8,94,2359)
w(0,81162,8,94,2360)
w(0,81163,8,94,2361)
w(15,81164,8,94,2362)
w(0,81165,8,94,2363)
w(18,81166,8,94,2364)
w(0,81167,8,94,2365)
w(0,81168,8,94,2366)
w(7,81169,8,94,2367)
w(16,81170,8,94,2368)
w(0,81171,8,94,2369)
w(0,81172,8,94,2370)
w(10,81173,8,94,2371)
w(3,81174,8,94,2372)
w(17,81175,8,94,2373)
w(2,81176,8,94,2374)
w(0,81184,8,96,2400)
w(6,81185,8,96,2401)
w(0,81186,8,96,2402)
w(0,81187,8,96,2403)
w(6,81188,8,96,2404)
w(2,81189,8,96,2405)
w(2,81190,8,96,2406)
w(2,81191,8,96,2407)
w(0,81192,8,96,2408)
w(7,81193,8,96,2409)
w(11,81194,8,96,2410)
w(9,81195,8,96,2411)
w(11,81196,8,96,2412)
w(1,81197,8,96,2413)
w(0,81198,8,96,2414)
w(0,81199,8,96,2415)
w(0,81200,8,96,2416)
w(3,81201,8,96,2417)
w(6,81202,8,96,2418)
w(1,81203,8,96,2419)
w(0,81204,8,96,2420)
w(1,81205,8,96,2421)
w(6,81206,8,96,2422)
w(19,81207,8,96,2423)
w(0,81208,8,96,2424)
r(3,81201,8,97,2425)
r(12,31051,8,97,2426)
r(5,61091,8,97,2427)
r(0,81208,8,97,2428)
r(3,81201,8,97,2429)
r(8,41024,8,97,2430)
r(5,61091,8,97,2431)
r(0,81208,8,97,2432)
r(2,81191,8,97,2433)
r(5,61091,8,97,2434)
r(6,81206,8,97,2435)
r(1,81205,8,97,2436)
r(0,81208,8,97,2437)
r(1,81205,8,97,2438)
r(8,41024,8,97,2439)
r(0,81208,8,97,2440)
r(3,81201,8,97,2441)
r(16,41030,8,97,2442)
r(8,41024,8,97,2443)
r(3,81201,8,97,2444)
r(5,61091,8,97,2445)
r(3,81201,8,97,2446)
r(12,31051,8,97,2447)
r(8,41024,8,97,2448)
r(1,81205,8,97,2449)
r(16,41030,8,98,2450)
r(1,81205,8,98,2451)
r(0,81208,8,98,2452)
r(0,81208,8,98,2453)
r(8,41024,8,98,2454)
r(1,81205,8,98,2455)
r(1,81205,8,98,2456)
r(10,41029,8,98,2457)
r(4,41032,8,98,2458)
r(10,41029,8,98,2459)
r(3,81201,8,98,2460)
r(0,81208,8,98,2461)
r(2,81191,8,98,2462)
r(0,81208,8,98,2463)
r(2,81191,8,98,2464)
r(1,81205,8,98,2465)
r(8,41024,8,98,2466)
r(4,41032,8,98,2467)
r(0,81208,8,98,2468)
r(4,41032,8,98,2469)
r(8,41024,8,98,2470)
r(0,81208,8,98,2471)
r(6,81206,8,98,2472)
r(2,81191,8,98,2473)
r(2,81191,8,98,2474)
r(9,11063,8,103,2575)
r(10,51092,8,103,2576)
r(0,51095,8,103,2577)
r(5,51088,8,103,2578)
r(2,51085,8,103,2579)
r(3,71061,8,103,2580)
r(7,51091,8,103,2581)
r(5,51088,8,103,2582)
r(0,51095,8,103,2583)
r(0,51095,8,103,2584)
r(5,51088,8,103,2585)
r(13,41098,8,103,2586)
r(17,51093,8,103,2587)
r(16,71065,8,103,2588)
r(0,51095,8,103,2589)
r(0,51095,8,103,2590)
r(9,11063,8,103,2591)
r(0,51095,8,103,2592)
r(2,51085,8,103,2593)
r(6,61179,8,103,2594)
r(1,71064,8,103,2595)
r(1,71064,8,103,2596)
r(3,71061,8,103,2597)
r(17,51093,8,103,2598)
r(14,11068,8,103,2599)
r(0,51095,8,105,2625)
r(0,51095,8,105,2626)
r(0,51095,8,105,2627)
r(6,61179,8,105,2628)
r(1,71064,8,105,2629)
r(0,51095,8,105,2630)
r(2,51085,8,105,2631)
r(0,51095,8,105,2632)
r(8,71056,8,105,2633)
r(5,51088,8,105,2634)
r(0,51095,8,105,2635)
r(2,51085,8,105,2636)
r(1,71064,8,105,2637)
r(1,71064,8,105,2638)
r(1,71064,8,105,2639)
r(2,51085,8,105,2640)
r(1,71064,8,105,2641)
r(4,71060,8,105,2642)
r(5,51088,8,105,2643)
r(3,71061,8,105,2644)
r(3,71061,8,105,2645)
r(1,71064,8,105,2646)
r(18,41099,8,105,2647)
r(4,71060,8,105,2648)
r(7,51091,8,105,2649)
r(0,11099,8,108,2700)
r(2,11088,8,108,2701)
r(0,11099,8,108,2702)
r(2,11088,8,108,2703)
r(14,11068,8,108,2704)
r(0,11099,8,108,2705)
r(6,61179,8,108,2706)
r(5,51088,8,108,2707)
r(2,11088,8,108,2708)
r(0,11099,8,108,2709)
r(5,51088,8,108,2710)
r(0,11099,8,108,2711)
r(17,51093,8,108,2712)
r(0,11099,8,108,2713)
r(3,11096,8,108,2714)
r(4,11095,8,108,2715)
r(7,11101,8,108,2716)
r(1,11100,8,108,2717)
r(2,11088,8,108,2718)
r(2,11088,8,108,2719)
r(1,11100,8,108,2720)
r(0,11099,8,108,2721)
r(0,11099,8,108,2722)
r(3,11096,8,108,2723)
r(0,11099,8,108,2724)
r(9,1303,8,112,2800)
r(13,31209,8,112,2801)
r(0,71175,8,112,2802)
r(2,1327,8,112,2803)
r(0,71175,8,112,2804)
r(3,1323,8,112,2805)
r(0,71175,8,112,2806)
r(1,71173,8,112,2807)
r(1,71173,8,112,2808)
r(0,71175,8,112,2809)
r(8,71174,8,112,2810)
r(2,1327,8,112,2811)
r(0,71175,8,112,2812)
r(17,1313,8,112,2813)
r(4,71172,8,112,2814)
r(0,71175,8,112,2815)
r(1,71173,8,112,2816)
r(0,71175,8,112,2817)
r(5,71170,8,112,2818)
r(0,71175,8,112,2819)
r(0,71175,8,112,2820)
r(15,1305,8,112,2821)
r(12,1314,8,112,2822)
r(7,1311,8,112,2823)
r(0,71175,8,112,2824)
r(0,41356,8,119,2975)
r(0,41356,8,119,2976)
r(4,41344,8,119,2977)
r(0,41356,8,119,2978)
r(11,41332,8,119,2979)
r(5,91442,8,119,2980)
r(7,41263,8,119,2981)
r(1,41347,8,119,2982)
r(6,41328,8,119,2983)
r(1,41347,8,119,2984)
r(19,1420,8,119,2985)
r(6,41328,8,119,2986)
r(7,41263,8,119,2987)
r(1,41347,8,119,2988)
r(3,41355,8,119,2989)
r(8,51287,8,119,2990)
r(7,41263,8,119,2991)
r(8,51287,8,119,2992)
r(1,41347,8,119,2993)
r(3,41355,8,119,2994)
r(5,91442,8,119,2995)
r(0,41356,8,119,2996)
r(0,41356,8,119,2997)
r(1,41347,8,119,2998)
r(4,41344,8,119,2999)
r(15,71337,8,122,3050)
r(6,71333,8,122,3051)
r(5,61497,8,122,3052)
r(9,61496,8,122,3053)
r(3,61495,8,122,3054)
r(1,91541,8,122,3055)
r(2,91545,8,122,3056)
r(6,71333,8,122,3057)
r(12,71346,8,122,3058)
r(0,91549,8,122,3059)
r(6,71333,8,122,3060)
r(1,91541,8,122,3061)
r(5,61497,8,122,3062)
r(6,71333,8,122,3063)
r(11,61492,8,122,3064)
r(1,91541,8,122,3065)
r(17,91543,8,122,3066)
r(4,61498,8,122,3067)
r(2,91545,8,122,3068)
r(4,61498,8,122,3069)
r(0,91549,8,122,3070)
r(1,91541,8,122,3071)
r(0,91549,8,122,3072)
r(3,61495,8,122,3073)
r(1,91541,8,122,3074)
r(8,91542,8,123,3075)
r(11,61492,8,123,3076)
r(7,91546,8,123,3077)
r(1,61502,8,123,3078)
r(2,91545,8,123,3079)
r(3,61495,8,123,3080)
r(0,61505,8,123,3081)
r(3,61495,8,123,3082)
r(0,61505,8,123,3083)
r(0,61505,8,123,3084)
r(0,61505,8,123,3085)
r(0,61505,8,123,3086)
r(3,61495,8,123,3087)
r(0,61505,8,123,3088)
r(6,61501,8,123,3089)
w(0,81509,8,123,3090)
w(2,81510,8,123,3091)
w(0,81511,8,123,3092)
w(2,81512,8,123,3093)
w(3,81513,8,123,3094)
w(0,81514,8,123,3095)
w(0,81515,8,123,3096)
w(7,81516,8,123,3097)
w(3,81517,8,123,3098)
w(12,81518,8,123,3099)
r(1,61502,8,124,3100)
r(7,81516,8,124,3101)
r(8,91542,8,124,3102)
r(14,51328,8,124,3103)
r(2,81512,8,124,3104)
r(10,91547,8,124,3105)
r(5,61497,8,124,3106)
r(0,81515,8,124,3107)
r(4,61498,8,124,3108)
r(14,51328,8,124,3109)
r(7,81516,8,124,3110)
r(2,81512,8,124,3111)
r(17,91543,8,124,3112)
r(15,71337,8,124,3113)
r(0,81515,8,124,3114)
r(2,81512,8,124,3115)
r(0,81515,8,124,3116)
r(0,81515,8,124,3117)
r(9,61500,8,124,3118)
r(1,61502,8,124,3119)
r(12,81518,8,124,3120)
r(2,81512,8,124,3121)
r(1,61502,8,124,3122)
r(15,71337,8,124,3123)
r(0,81515,8,124,3124)
r(8,91553,8,125,3125)
r(16,91563,8,125,3126)
r(0,91572,8,125,3127)
r(16,91563,8,125,3128)
r(14,51328,8,125,3129)
r(2,81512,8,125,3130)
r(15,71337,8,125,3131)
r(0,91572,8,125,3132)
r(0,91572,8,125,3133)
r(0,91572,8,125,3134)
r(6,61501,8,125,3135)
r(3,91557,8,125,3136)
r(12,91571,8,125,3137)
r(14,51328,8,125,3138)
r(0,91572,8,125,3139)
r(3,91557,8,125,3140)
r(2,81512,8,125,3141)
r(4,91574,8,125,3142)
r(1,61502,8,125,3143)
r(1,61502,8,125,3144)
r(15,71337,8,125,3145)
r(2,81512,8,125,3146)
r(0,91572,8,125,3147)
r(9,61500,8,125,3148)
r(1,61502,8,125,3149)
r(14,31474,8,128,3200)
r(0,61549,8,128,3201)
r(0,61549,8,128,3202)
r(2,61547,8,128,3203)
r(0,61549,8,128,3204)
r(0,61549,8,128,3205)
r(9,21538,8,128,3206)
r(6,61546,8,128,3207)
r(16,21536,8,128,3208)
r(0,61549,8,128,3209)
r(3,21545,8,128,3210)
w(3,81557,8,128,3211)
w(0,81558,8,128,3212)
w(0,81559,8,128,3213)
w(3,81560,8,128,3214)
w(2,81561,8,128,3215)
w(4,81562,8,128,3216)
w(0,81563,8,128,3217)
w(5,81564,8,128,3218)
w(1,81565,8,128,3219)
w(3,81566,8,128,3220)
w(0,81567,8,128,3221)
w(0,81568,8,128,3222)
w(6,81569,8,128,3223)
w(0,81570,8,128,3224)
r(3,71432,8,130,3250)
r(14,31474,8,130,3251)
r(18,1536,8,130,3252)
r(3,71432,8,130,3253)
r(7,91586,8,130,3254)
r(2,71438,8,130,3255)
r(0,71436,8,130,3256)
r(15,91596,8,130,3257)
r(1,71437,8,130,3258)
r(4,61565,8,130,3259)
r(4,61565,8,130,3260)
r(5,81564,8,130,3261)
r(2,71438,8,130,3262)
r(3,71432,8,130,3263)
r(3,71432,8,130,3264)
r(3,71432,8,130,3265)
r(0,71436,8,130,3266)
r(1,71437,8,130,3267)
r(3,71432,8,130,3268)
r(4,61565,8,130,3269)
r(1,71437,8,130,3270)
r(0,71436,8,130,3271)
r(11,71434,8,130,3272)
r(9,71429,8,130,3273)
r(1,71437,8,130,3274)
r(0,71436,8,131,3275)
r(6,71426,8,131,3276)
r(3,71432,8,131,3277)
r(0,71436,8,131,3278)
r(4,61565,8,131,3279)
r(2,71438,8,131,3280)
r(3,71432,8,131,3281)
r(1,71437,8,131,3282)
r(17,21528,8,131,3283)
r(0,71436,8,131,3284)
r(13,71433,8,131,3285)
r(8,61542,8,131,3286)
r(5,81564,8,131,3287)
r(4,61565,8,131,3288)
r(4,61565,8,131,3289)
r(14,31474,8,131,3290)
r(13,71433,8,131,3291)
w(19,81580,8,131,3292)
w(0,81581,8,131,3293)
w(0,81582,8,131,3294)
w(6,81583,8,131,3295)
w(3,81584,8,131,3296)
w(10,81585,8,131,3297)
w(14,81586,8,131,3298)
w(16,81587,8,131,3299)
r(3,71493,8,133,3325)
r(1,71496,8,133,3326)
r(1,71496,8,133,3327)
r(5,71497,8,133,3328)
r(18,1536,8,133,3329)
r(1,71496,8,133,3330)
r(0,71491,8,133,3331)
r(0,71491,8,133,3332)
r(0,71491,8,133,3333)
r(3,71493,8,133,3334)
r(10,81585,8,133,3335)
r(2,71499,8,133,3336)
r(0,71491,8,133,3337)
r(7,41526,8,133,3338)
r(5,71497,8,133,3339)
r(0,71491,8,133,3340)
r(2,71499,8,133,3341)
r(10,81585,8,133,3342)
r(16,81587,8,133,3343)
r(11,71434,8,133,3344)
r(0,71491,8,133,3345)
r(19,81580,8,133,3346)
r(2,71499,8,133,3347)
r(0,71491,8,133,3348)
r(0,71491,8,133,3349)
r(19,81580,8,136,3400)
r(3,61633,8,136,3401)
r(4,61627,8,136,3402)
r(16,11409,8,136,3403)
r(0,61635,8,136,3404)
r(0,61635,8,136,3405)
r(0,61635,8,136,3406)
r(5,21644,8,136,3407)
r(6,21640,8,136,3408)
r(4,61627,8,136,3409)
r(3,61633,8,136,3410)
r(2,61637,8,136,3411)
r(16,11409,8,136,3412)
w(5,81619,8,136,3413)
w(9,81620,8,136,3414)
w(1,81621,8,136,3415)
w(5,81622,8,136,3416)
w(3,81623,8,136,3417)
w(7,81624,8,136,3418)
w(3,81625,8,136,3419)
w(18,81626,8,136,3420)
w(3,81627,8,136,3421)
w(0,81628,8,136,3422)
w(7,81629,8,136,3423)
w(14,81630,8,136,3424)
r(10,31677,8,144,3600)
r(15,31570,8,144,3601)
r(2,31669,8,144,3602)
r(6,51607,8,144,3603)
r(0,31679,8,144,3604)
r(0,31679,8,144,3605)
r(1,31670,8,144,3606)
r(14,51599,8,144,3607)
r(0,31679,8,144,3608)
r(3,31681,8,144,3609)
r(5,51611,8,144,3610)
r(10,31677,8,144,3611)
r(2,31669,8,144,3612)
r(0,31679,8,144,3613)
r(15,31570,8,144,3614)
r(3,31681,8,144,3615)
r(11,61733,8,144,3616)
r(5,51611,8,144,3617)
r(0,31679,8,144,3618)
r(0,31679,8,144,3619)
r(6,51607,8,144,3620)
r(11,61733,8,144,3621)
r(4,61728,8,144,3622)
r(1,31670,8,144,3623)
r(1,31670,8,144,3624)
w(0,81737,8,146,3650)
w(1,81738,8,146,3651)
w(13,81739,8,146,3652)
w(0,81740,8,146,3653)
w(1,81741,8,146,3654)
w(3,81742,8,146,3655)
w(0,81743,8,146,3656)
w(0,81744,8,146,3657)
w(4,81745,8,146,3658)
w(1,81746,8,146,3659)
w(0,81747,8,146,3660)
w(3,81748,8,146,3661)
w(3,81749,8,146,3662)
w(1,81750,8,146,3663)
w(9,81751,8,146,3664)
w(6,81752,8,146,3665)
w(1,81753,8,146,3666)
w(3,81754,8,146,3667)
w(6,81755,8,146,3668)
w(5,81756,8,146,3669)
w(0,81757,8,146,3670)
w(18,81758,8,146,3671)
w(3,81759,8,146,3672)
w(0,81760,8,146,3673)
w(1,81761,8,146,3674)
r(15,31690,8,147,3675)
r(9,81751,8,147,3676)
r(7,31682,8,147,3677)
r(1,81761,8,147,3678)
r(0,81760,8,147,3679)
r(7,31682,8,147,3680)
r(8,31691,8,147,3681)
r(5,81756,8,147,3682)
r(0,81760,8,147,3683)
r(4,81745,8,147,3684)
r(1,81761,8,147,3685)
r(8,31691,8,147,3686)
r(0,81760,8,147,3687)
r(4,81745,8,147,3688)
r(0,81760,8,147,3689)
r(0,81760,8,147,3690)
r(0,81760,8,147,3691)
r(0,81760,8,147,3692)
r(1,81761,8,147,3693)
r(19,31685,8,147,3694)
r(13,81739,8,147,3695)
r(5,81756,8,147,3696)
r(12,91755,8,147,3697)
r(2,31692,8,147,3698)
r(0,81760,8,147,3699)
r(5,11603,8,151,3775)
r(3,11604,8,151,3776)
r(4,51673,8,151,3777)
r(5,11603,8,151,3778)
r(17,21831,8,151,3779)
r(1,11605,8,151,3780)
r(4,51673,8,151,3781)
r(10,51678,8,151,3782)
r(1,11605,8,151,3783)
r(1,11605,8,151,3784)
r(0,11606,8,151,3785)
r(1,11605,8,151,3786)
r(0,11606,8,151,3787)
r(0,11606,8,151,3788)
r(13,31726,8,151,3789)
r(0,11606,8,151,3790)
r(19,51693,8,151,3791)
r(2,51680,8,151,3792)
r(10,51678,8,151,3793)
r(0,11606,8,151,3794)
r(6,51684,8,151,3795)
r(8,61803,8,151,3796)
r(2,51680,8,151,3797)
r(13,31726,8,151,3798)
r(0,11606,8,151,3799)
r(0,11606,8,152,3800)
r(10,51678,8,152,3801)
r(0,11606,8,152,3802)
r(0,11606,8,152,3803)
r(15,51682,8,152,3804)
r(7,11596,8,152,3805)
r(4,51673,8,152,3806)
r(0,11606,8,152,3807)
r(0,11606,8,152,3808)
r(2,51680,8,152,3809)
r(7,11596,8,152,3810)
r(1,11605,8,152,3811)
r(5,11603,8,152,3812)
r(1,11605,8,152,3813)
r(4,51673,8,152,3814)
r(10,51678,8,152,3815)
r(0,11606,8,152,3816)
r(1,11605,8,152,3817)
r(2,51680,8,152,3818)
r(2,51680,8,152,3819)
r(5,11603,8,152,3820)
r(0,11606,8,152,3821)
r(8,61803,8,152,3822)
r(0,11606,8,152,3823)
r(3,11604,8,152,3824)
r(0,91973,8,156,3900)
r(2,91974,8,156,3901)
r(12,71751,8,156,3902)
r(14,31737,8,156,3903)
r(6,91971,8,156,3904)
r(7,51745,8,156,3905)
r(0,91973,8,156,3906)
r(1,91967,8,156,3907)
r(19,51742,8,156,3908)
r(1,91967,8,156,3909)
r(6,91971,8,156,3910)
r(0,91973,8,156,3911)
r(1,91967,8,156,3912)
r(3,91968,8,156,3913)
r(12,71751,8,156,3914)
r(1,91967,8,156,3915)
r(2,91974,8,156,3916)
r(4,51739,8,156,3917)
r(1,91967,8,156,3918)
r(2,91974,8,156,3919)
r(1,91967,8,156,3920)
r(3,91968,8,156,3921)
r(4,51739,8,156,3922)
r(1,91967,8,156,3923)
r(1,91967,8,156,3924)
r(3,91968,8,157,3925)
r(2,91974,8,157,3926)
r(17,11667,8,157,3927)
r(0,91973,8,157,3928)
r(12,71751,8,157,3929)
r(7,51745,8,157,3930)
r(2,91974,8,157,3931)
r(0,91973,8,157,3932)
r(1,91967,8,157,3933)
r(3,91968,8,157,3934)
r(0,91973,8,157,3935)
r(2,91974,8,157,3936)
r(11,11600,8,157,3937)
r(3,91968,8,157,3938)
r(10,51743,8,157,3939)
r(2,91974,8,157,3940)
r(0,91973,8,157,3941)
r(6,91971,8,157,3942)
r(0,91973,8,157,3943)
r(16,91942,8,157,3944)
r(2,91974,8,157,3945)
r(15,91947,8,157,3946)
r(0,91973,8,157,3947)
r(0,91973,8,157,3948)
r(5,51748,8,157,3949)
r(7,51784,8,160,4000)
r(0,51803,8,160,4001)
r(0,51803,8,160,4002)
r(18,91992,8,160,4003)
r(0,51803,8,160,4004)
r(1,51799,8,160,4005)
r(0,51803,8,160,4006)
r(1,51799,8,160,4007)
r(15,41909,8,160,4008)
r(3,51780,8,160,4009)
w(1,81902,8,160,4010)
w(2,81903,8,160,4011)
w(14,81904,8,160,4012)
w(11,81905,8,160,4013)
w(1,81906,8,160,4014)
w(0,81907,8,160,4015)
w(0,81908,8,160,4016)
w(6,81909,8,160,4017)
w(5,81910,8,160,4018)
w(13,81911,8,160,4019)
w(4,81912,8,160,4020)
w(8,81913,8,160,4021)
w(16,81914,8,160,4022)
w(3,81915,8,160,4023)
w(0,81916,8,160,4024)
r(5,81910,8,161,4025)
r(19,1932,8,161,4026)
r(0,81916,8,161,4027)
r(12,51786,8,161,4028)
r(0,81916,8,161,4029)
r(1,81906,8,161,4030)
r(9,51797,8,161,4031)
r(3,81915,8,161,4032)
r(0,81916,8,161,4033)
r(1,81906,8,161,4034)
r(0,81916,8,161,4035)
r(3,81915,8,161,4036)
r(8,81913,8,161,4037)
r(0,81916,8,161,4038)
r(1,81906,8,161,4039)
r(1,81906,8,161,4040)
r(0,81916,8,161,4041)
r(0,81916,8,161,4042)
r(2,81903,8,161,4043)
r(0,81916,8,161,4044)
r(2,81903,8,161,4045)
r(7,51784,8,161,4046)
r(4,81912,8,161,4047)
r(0,81916,8,161,4048)
r(0,81916,8,161,4049)
r(1,92116,8,165,4125)
r(2,92103,8,165,4126)
r(2,92103,8,165,4127)
r(3,92107,8,165,4128)
r(3,92107,8,165,4129)
r(10,92119,8,165,4130)
r(8,92092,8,165,4131)
r(7,51896,8,165,4132)
r(10,92119,8,165,4133)
r(5,92114,8,165,4134)
r(9,51879,8,165,4135)
w(0,81979,8,165,4136)
w(0,81980,8,165,4137)
w(0,81981,8,165,4138)
w(2,81982,8,165,4139)
w(3,81983,8,165,4140)
w(6,81984,8,165,4141)
w(0,81985,8,165,4142)
w(2,81986,8,165,4143)
w(0,81987,8,165,4144)
w(0,81988,8,165,4145)
w(1,81989,8,165,4146)
w(0,81990,8,165,4147)
w(10,81991,8,165,4148)
w(1,81992,8,165,4149)
r(10,81991,8,166,4150)
r(0,81990,8,166,4151)
r(6,81984,8,166,4152)
r(0,81990,8,166,4153)
r(0,81990,8,166,4154)
r(0,81990,8,166,4155)
r(4,2021,8,166,4156)
r(0,81990,8,166,4157)
r(11,2025,8,166,4158)
r(1,81992,8,166,4159)
r(0,81990,8,166,4160)
r(1,81992,8,166,4161)
r(4,2021,8,166,4162)
r(16,2020,8,166,4163)
r(0,81990,8,166,4164)
r(3,81983,8,166,4165)
r(0,81990,8,166,4166)
r(1,81992,8,166,4167)
r(0,81990,8,166,4168)
r(1,81992,8,166,4169)
r(7,51896,8,166,4170)
r(0,81990,8,166,4171)
r(0,81990,8,166,4172)
r(1,81992,8,166,4173)
r(10,81991,8,166,4174)
r(0,2057,8,169,4225)
r(13,2063,8,169,4226)
r(2,62037,8,169,4227)
r(2,62037,8,169,4228)
r(0,2057,8,169,4229)
r(8,2060,8,169,4230)
r(0,2057,8,169,4231)
r(16,2061,8,169,4232)
r(3,71951,8,169,4233)
r(11,2053,8,169,4234)
r(5,71952,8,169,4235)
r(0,2057,8,169,4236)
r(0,2057,8,169,4237)
r(1,2058,8,169,4238)
w(5,82016,8,169,4239)
w(1,82017,8,169,4240)
w(2,82018,8,169,4241)
w(1,82019,8,169,4242)
w(2,82020,8,169,4243)
w(1,82021,8,169,4244)
w(5,82022,8,169,4245)
w(0,82023,8,169,4246)
w(17,82024,8,169,4247)
w(0,82025,8,169,4248)
w(6,82026,8,169,4249)
r(6,82026,8,170,4250)
r(1,82021,8,170,4251)
r(14,62033,8,170,4252)
r(3,71951,8,170,4253)
r(9,51879,8,170,4254)
r(0,82025,8,170,4255)
r(18,71914,8,170,4256)
r(0,82025,8,170,4257)
r(2,82020,8,170,4258)
r(2,82020,8,170,4259)
r(2,82020,8,170,4260)
r(14,62033,8,170,4261)
r(1,82021,8,170,4262)
w(0,82027,8,170,4263)
w(2,82028,8,170,4264)
w(5,82029,8,170,4265)
w(17,82030,8,170,4266)
w(3,82031,8,170,4267)
w(6,82032,8,170,4268)
w(3,82033,8,170,4269)
w(5,82034,8,170,4270)
w(7,82035,8,170,4271)
w(2,82036,8,170,4272)
w(5,82037,8,170,4273)
w(3,82038,8,170,4274)
w(0,82089,8,173,4325)
w(0,82090,8,173,4326)
w(1,82091,8,173,4327)
w(8,82092,8,173,4328)
w(6,82093,8,173,4329)
w(5,82094,8,173,4330)
w(11,82095,8,173,4331)
w(1,82096,8,173,4332)
w(0,82097,8,173,4333)
w(4,82098,8,173,4334)
w(0,82099,8,173,4335)
w(7,82100,8,173,4336)
w(7,82101,8,173,4337)
w(3,82102,8,173,4338)
w(1,82103,8,173,4339)
w(13,82104,8,173,4340)
w(0,82105,8,173,4341)
w(0,82106,8,173,4342)
w(0,82107,8,173,4343)
w(3,82108,8,173,4344)
w(1,82109,8,173,4345)
w(0,82110,8,173,4346)
w(0,82111,8,173,4347)
w(7,82112,8,173,4348)
w(0,82113,8,173,4349)
r(0,62114,8,175,4375)
r(0,62114,8,175,4376)
r(1,82109,8,175,4377)
r(1,82109,8,175,4378)
r(2,62110,8,175,4379)
r(12,62098,8,175,4380)
r(0,62114,8,175,4381)
r(1,82109,8,175,4382)
r(1,82109,8,175,4383)
r(3,62106,8,175,4384)
r(1,82109,8,175,4385)
r(10,62112,8,175,4386)
r(2,62110,8,175,4387)
w(17,82127,8,175,4388)
w(0,82128,8,175,4389)
w(4,82129,8,175,4390)
w(2,82130,8,175,4391)
w(12,82131,8,175,4392)
w(4,82132,8,175,4393)
w(0,82133,8,175,4394)
w(0,82134,8,175,4395)
w(0,82135,8,175,4396)
w(15,82136,8,175,4397)
w(1,82137,8,175,4398)
w(0,82138,8,175,4399)
r(0,82138,8,176,4400)
r(2,82130,8,176,4401)
r(0,82138,8,176,4402)
r(5,82094,8,176,4403)
r(2,82130,8,176,4404)
r(0,82138,8,176,4405)
r(0,82138,8,176,4406)
r(2,82130,8,176,4407)
r(2,82130,8,176,4408)
r(5,82094,8,176,4409)
r(1,82137,8,176,4410)
r(0,82138,8,176,4411)
r(12,82131,8,176,4412)
r(5,82094,8,176,4413)
r(8,62118,8,176,4414)
r(5,82094,8,176,4415)
r(1,82137,8,176,4416)
r(14,92205,8,176,4417)
r(0,82138,8,176,4418)
r(3,62106,8,176,4419)
r(13,62115,8,176,4420)
r(2,82130,8,176,4421)
r(0,82138,8,176,4422)
r(0,82138,8,176,4423)
r(1,82137,8,176,4424)
r(1,22179,8,178,4450)
r(3,22182,8,178,4451)
r(10,62112,8,178,4452)
r(6,62123,8,178,4453)
r(0,22185,8,178,4454)
r(3,22182,8,178,4455)
r(4,22178,8,178,4456)
r(9,62103,8,178,4457)
r(5,82094,8,178,4458)
r(0,22185,8,178,4459)
r(1,22179,8,178,4460)
r(9,62103,8,178,4461)
r(14,92205,8,178,4462)
r(2,22183,8,178,4463)
r(6,62123,8,178,4464)
r(15,82136,8,178,4465)
r(1,22179,8,178,4466)
r(0,22185,8,178,4467)
w(6,82151,8,178,4468)
w(1,82152,8,178,4469)
w(1,82153,8,178,4470)
w(0,82154,8,178,4471)
w(0,82155,8,178,4472)
w(0,82156,8,178,4473)
w(3,82157,8,178,4474)
r(4,22202,8,180,4500)
r(1,92300,8,180,4501)
r(8,22221,8,180,4502)
r(8,22221,8,180,4503)
r(18,22222,8,180,4504)
r(6,82151,8,180,4505)
r(16,22209,8,180,4506)
r(5,22223,8,180,4507)
r(18,22222,8,180,4508)
r(2,22214,8,180,4509)
r(17,82127,8,180,4510)
r(11,92302,8,180,4511)
r(3,92301,8,180,4512)
r(10,62112,8,180,4513)
r(19,22207,8,180,4514)
r(2,22214,8,180,4515)
r(12,82131,8,180,4516)
r(0,92299,8,180,4517)
r(0,92299,8,180,4518)
r(2,22214,8,180,4519)
r(11,92302,8,180,4520)
r(6,82151,8,180,4521)
r(0,92299,8,180,4522)
r(1,92300,8,180,4523)
r(2,22214,8,180,4524)
r(13,42356,8,191,4775)
r(0,32223,8,191,4776)
r(0,32223,8,191,4777)
r(16,32198,8,191,4778)
r(2,42354,8,191,4779)
r(4,32217,8,191,4780)
r(11,42361,8,191,4781)
r(2,42354,8,191,4782)
r(1,32218,8,191,4783)
r(1,32218,8,191,4784)
r(5,62247,8,191,4785)
r(7,42348,8,191,4786)
r(19,42367,8,191,4787)
r(0,32223,8,191,4788)
r(0,32223,8,191,4789)
r(2,42354,8,191,4790)
r(0,32223,8,191,4791)
r(19,42367,8,191,4792)
r(1,32218,8,191,4793)
r(0,32223,8,191,4794)
r(1,32218,8,191,4795)
r(6,42357,8,191,4796)
r(11,42361,8,191,4797)
r(0,32223,8,191,4798)
r(12,62210,8,191,4799)
r(0,12075,8,192,4800)
r(3,32222,8,192,4801)
r(0,12075,8,192,4802)
r(0,12075,8,192,4803)
r(1,12074,8,192,4804)
r(1,12074,8,192,4805)
r(7,42348,8,192,4806)
r(0,12075,8,192,4807)
r(18,72140,8,192,4808)
r(0,12075,8,192,4809)
r(4,32217,8,192,4810)
r(0,12075,8,192,4811)
r(3,32222,8,192,4812)
r(0,12075,8,192,4813)
r(0,12075,8,192,4814)
r(1,12074,8,192,4815)
r(3,32222,8,192,4816)
r(4,32217,8,192,4817)
r(7,42348,8,192,4818)
r(0,12075,8,192,4819)
r(7,42348,8,192,4820)
r(4,32217,8,192,4821)
r(0,12075,8,192,4822)
r(0,12075,8,192,4823)
r(1,12074,8,192,4824)
r(0,12075,8,193,4825)
r(6,12076,8,193,4826)
r(1,12074,8,193,4827)
r(5,12069,8,193,4828)
r(2,42354,8,193,4829)
r(1,12074,8,193,4830)
r(0,12075,8,193,4831)
r(17,32213,8,193,4832)
r(0,12075,8,193,4833)
r(2,42354,8,193,4834)
r(0,12075,8,193,4835)
r(3,32222,8,193,4836)
r(0,12075,8,193,4837)
r(0,12075,8,193,4838)
r(0,12075,8,193,4839)
w(0,82339,8,193,4840)
w(6,82340,8,193,4841)
w(4,82341,8,193,4842)
w(2,82342,8,193,4843)
w(1,82343,8,193,4844)
w(13,82344,8,193,4845)
w(10,82345,8,193,4846)
w(3,82346,8,193,4847)
w(7,82347,8,193,4848)
w(0,82348,8,193,4849)
r(1,62275,8,195,4875)
r(1,62275,8,195,4876)
r(1,62275,8,195,4877)
r(1,62275,8,195,4878)
r(15,62285,8,195,4879)
r(0,62289,8,195,4880)
r(0,62289,8,195,4881)
r(3,62287,8,195,4882)
r(3,62287,8,195,4883)
r(1,62275,8,195,4884)
r(1,62275,8,195,4885)
r(1,62275,8,195,4886)
r(0,62289,8,195,4887)
r(5,22387,8,195,4888)
r(2,82342,8,195,4889)
r(4,82341,8,195,4890)
r(1,62275,8,195,4891)
r(0,62289,8,195,4892)
r(0,62289,8,195,4893)
r(3,62287,8,195,4894)
r(0,62289,8,195,4895)
r(11,22402,8,195,4896)
r(19,42367,8,195,4897)
r(0,62289,8,195,4898)
r(3,62287,8,195,4899)
r(0,2401,8,199,4975)
r(8,2397,8,199,4976)
r(4,2391,8,199,4977)
r(10,2393,8,199,4978)
r(0,2401,8,199,4979)
r(19,42367,8,199,4980)
r(10,2393,8,199,4981)
r(14,22407,8,199,4982)
r(8,2397,8,199,4983)
r(2,12164,8,199,4984)
r(0,2401,8,199,4985)
r(5,2398,8,199,4986)
r(9,2400,8,199,4987)
r(3,12157,8,199,4988)
r(1,2386,8,199,4989)
r(0,2401,8,199,4990)
r(0,2401,8,199,4991)
r(15,62285,8,199,4992)
r(0,2401,8,199,4993)
r(18,12165,8,199,4994)
r(3,12157,8,199,4995)
r(0,2401,8,199,4996)
r(1,2386,8,199,4997)
r(9,2400,8,199,4998)
r(3,12157,8,199,4999)
r(15,62285,8,201,5025)
r(3,12202,8,201,5026)
r(16,2404,8,201,5027)
r(0,12209,8,201,5028)
r(11,12186,8,201,5029)
r(2,2411,8,201,5030)
r(9,2414,8,201,5031)
r(0,12209,8,201,5032)
r(15,62285,8,201,5033)
r(10,2393,8,201,5034)
r(0,12209,8,201,5035)
r(1,12191,8,201,5036)
w(16,82416,8,201,5037)
w(4,82417,8,201,5038)
w(5,82418,8,201,5039)
w(1,82419,8,201,5040)
w(15,82420,8,201,5041)
w(7,82421,8,201,5042)
w(3,82422,8,201,5043)
w(3,82423,8,201,5044)
w(1,82424,8,201,5045)
w(9,82425,8,201,5046)
w(9,82426,8,201,5047)
w(4,82427,8,201,5048)
w(0,82428,8,201,5049)
r(0,52443,8,210,5250)
r(8,32480,8,210,5251)
r(6,42581,8,210,5252)
r(2,22636,8,210,5253)
r(8,32480,8,210,5254)
r(4,32475,8,210,5255)
r(7,32446,8,210,5256)
r(0,52443,8,210,5257)
r(1,52445,8,210,5258)
r(13,72354,8,210,5259)
r(0,52443,8,210,5260)
r(0,52443,8,210,5261)
r(0,52443,8,210,5262)
r(4,32475,8,210,5263)
r(0,52443,8,210,5264)
r(0,52443,8,210,5265)
r(12,22638,8,210,5266)
r(12,22638,8,210,5267)
r(1,52445,8,210,5268)
r(1,52445,8,210,5269)
r(3,22640,8,210,5270)
r(4,32475,8,210,5271)
r(2,22636,8,210,5272)
r(0,52443,8,210,5273)
r(3,22640,8,210,5274)
w(4,82536,8,211,5275)
w(4,82537,8,211,5276)
w(12,82538,8,211,5277)
w(2,82539,8,211,5278)
w(1,82540,8,211,5279)
w(2,82541,8,211,5280)
w(0,82542,8,211,5281)
w(15,82543,8,211,5282)
w(2,82544,8,211,5283)
w(14,82545,8,211,5284)
w(3,82546,8,211,5285)
w(1,82547,8,211,5286)
w(1,82548,8,211,5287)
w(4,82549,8,211,5288)
w(0,82550,8,211,5289)
w(1,82551,8,211,5290)
w(0,82552,8,211,5291)
w(0,82553,8,211,5292)
w(0,82554,8,211,5293)
w(2,82555,8,211,5294)
w(0,82556,8,211,5295)
w(14,82557,8,211,5296)
w(0,82558,8,211,5297)
w(4,82559,8,211,5298)
w(1,82560,8,211,5299)
r(9,42694,8,216,5400)
r(4,42686,8,216,5401)
r(10,42677,8,216,5402)
r(0,42692,8,216,5403)
r(7,42696,8,216,5404)
r(10,42677,8,216,5405)
r(1,42697,8,216,5406)
r(13,2630,8,216,5407)
r(2,42693,8,216,5408)
r(1,42697,8,216,5409)
r(19,42678,8,216,5410)
r(5,2616,8,216,5411)
r(3,42681,8,216,5412)
r(1,42697,8,216,5413)
r(3,42681,8,216,5414)
r(2,42693,8,216,5415)
r(0,42692,8,216,5416)
r(9,42694,8,216,5417)
r(0,42692,8,216,5418)
r(1,42697,8,216,5419)
r(0,42692,8,216,5420)
r(0,42692,8,216,5421)
r(3,42681,8,216,5422)
r(0,42692,8,216,5423)
r(4,42686,8,216,5424)
r(8,42758,8,221,5525)
r(2,42774,8,221,5526)
r(1,42772,8,221,5527)
r(12,52555,8,221,5528)
r(0,42783,8,221,5529)
r(4,52570,8,221,5530)
r(5,42781,8,221,5531)
r(0,42783,8,221,5532)
r(0,42783,8,221,5533)
r(1,42772,8,221,5534)
r(1,42772,8,221,5535)
r(9,42763,8,221,5536)
r(5,42781,8,221,5537)
r(2,42774,8,221,5538)
r(2,42774,8,221,5539)
r(2,42774,8,221,5540)
r(6,52596,8,221,5541)
r(9,42763,8,221,5542)
r(1,42772,8,221,5543)
r(3,52588,8,221,5544)
r(2,42774,8,221,5545)
r(3,52588,8,221,5546)
r(5,42781,8,221,5547)
r(0,42783,8,221,5548)
r(6,52596,8,221,5549)
r(1,22862,8,225,5625)
r(0,92907,8,225,5626)
r(0,92907,8,225,5627)
r(8,32699,8,225,5628)
r(0,92907,8,225,5629)
r(0,92907,8,225,5630)
r(0,92907,8,225,5631)
r(2,22857,8,225,5632)
r(5,92900,8,225,5633)
r(1,22862,8,225,5634)
r(8,32699,8,225,5635)
r(5,92900,8,225,5636)
r(6,22858,8,225,5637)
r(11,22864,8,225,5638)
r(0,92907,8,225,5639)
r(18,22828,8,225,5640)
r(1,22862,8,225,5641)
r(0,92907,8,225,5642)
r(12,72581,8,225,5643)
r(18,22828,8,225,5644)
r(0,92907,8,225,5645)
r(0,92907,8,225,5646)
r(18,22828,8,225,5647)
r(0,92907,8,225,5648)
r(2,22857,8,225,5649)
r(2,52740,8,227,5675)
r(5,92900,8,227,5676)
r(8,52741,8,227,5677)
r(0,52743,8,227,5678)
r(6,52738,8,227,5679)
r(12,72581,8,227,5680)
r(6,52738,8,227,5681)
r(0,52743,8,227,5682)
r(19,72588,8,227,5683)
r(1,52732,8,227,5684)
w(3,82762,8,227,5685)
w(1,82763,8,227,5686)
w(11,82764,8,227,5687)
w(0,82765,8,227,5688)
w(14,82766,8,227,5689)
w(1,82767,8,227,5690)
w(2,82768,8,227,5691)
w(0,82769,8,227,5692)
w(15,82770,8,227,5693)
w(1,82771,8,227,5694)
w(0,82772,8,227,5695)
w(12,82773,8,227,5696)
w(1,82774,8,227,5697)
w(11,82775,8,227,5698)
w(2,82776,8,227,5699)
r(2,32855,8,233,5825)
r(6,32827,8,233,5826)
r(4,32846,8,233,5827)
r(10,62743,8,233,5828)
r(2,32855,8,233,5829)
r(6,32827,8,233,5830)
r(5,62741,8,233,5831)
r(0,32856,8,233,5832)
r(0,32856,8,233,5833)
r(1,32822,8,233,5834)
r(0,32856,8,233,5835)
r(0,32856,8,233,5836)
w(19,82845,8,233,5837)
w(14,82846,8,233,5838)
w(3,82847,8,233,5839)
w(1,82848,8,233,5840)
w(9,82849,8,233,5841)
w(5,82850,8,233,5842)
w(18,82851,8,233,5843)
w(1,82852,8,233,5844)
w(1,82853,8,233,5845)
w(0,82854,8,233,5846)
w(2,82855,8,233,5847)
w(4,82856,8,233,5848)
w(8,82857,8,233,5849)
r(1,32904,8,237,5925)
r(0,42970,8,237,5926)
r(4,62792,8,237,5927)
r(4,62792,8,237,5928)
r(2,42968,8,237,5929)
r(6,42967,8,237,5930)
r(12,32896,8,237,5931)
r(1,32904,8,237,5932)
r(0,42970,8,237,5933)
r(0,42970,8,237,5934)
r(1,32904,8,237,5935)
r(4,62792,8,237,5936)
r(3,42961,8,237,5937)
r(5,42971,8,237,5938)
r(5,42971,8,237,5939)
r(0,42970,8,237,5940)
w(0,82910,8,237,5941)
w(0,82911,8,237,5942)
w(0,82912,8,237,5943)
w(0,82913,8,237,5944)
w(3,82914,8,237,5945)
w(5,82915,8,237,5946)
w(16,82916,8,237,5947)
w(3,82917,8,237,5948)
w(1,82918,8,237,5949)
r(1,72830,8,240,6000)
r(0,72836,8,240,6001)
r(2,62862,8,240,6002)
r(15,42959,8,240,6003)
r(2,62862,8,240,6004)
r(0,72836,8,240,6005)
r(5,72834,8,240,6006)
r(7,72839,8,240,6007)
r(0,72836,8,240,6008)
r(2,62862,8,240,6009)
r(0,72836,8,240,6010)
r(2,62862,8,240,6011)
r(1,72830,8,240,6012)
w(14,82945,8,240,6013)
w(3,82946,8,240,6014)
w(10,82947,8,240,6015)
w(0,82948,8,240,6016)
w(0,82949,8,240,6017)
w(2,82950,8,240,6018)
w(10,82951,8,240,6019)
w(2,82952,8,240,6020)
w(1,82953,8,240,6021)
w(0,82954,8,240,6022)
w(0,82955,8,240,6023)
w(2,82956,8,240,6024)
r(1,82953,8,241,6025)
r(9,2884,8,241,6026)
r(8,42972,8,241,6027)
r(1,82953,8,241,6028)
r(1,82953,8,241,6029)
r(0,82955,8,241,6030)
r(5,72834,8,241,6031)
r(17,32902,8,241,6032)
r(0,82955,8,241,6033)
r(7,72839,8,241,6034)
r(14,82945,8,241,6035)
r(1,82953,8,241,6036)
r(12,72825,8,241,6037)
r(3,82946,8,241,6038)
r(11,72823,8,241,6039)
r(9,2884,8,241,6040)
r(9,2884,8,241,6041)
r(17,32902,8,241,6042)
r(0,82955,8,241,6043)
r(1,82953,8,241,6044)
r(1,82953,8,241,6045)
r(0,82955,8,241,6046)
r(8,42972,8,241,6047)
r(1,82953,8,241,6048)
r(0,82955,8,241,6049)
r(0,32977,8,244,6100)
r(0,32977,8,244,6101)
r(1,32974,8,244,6102)
r(5,2913,8,244,6103)
r(4,43035,8,244,6104)
r(0,32977,8,244,6105)
r(0,32977,8,244,6106)
r(0,32977,8,244,6107)
r(0,32977,8,244,6108)
r(3,32966,8,244,6109)
r(0,32977,8,244,6110)
r(10,32971,8,244,6111)
r(2,43038,8,244,6112)
r(5,2913,8,244,6113)
r(3,32966,8,244,6114)
r(2,43038,8,244,6115)
r(1,32974,8,244,6116)
r(2,43038,8,244,6117)
r(7,43039,8,244,6118)
r(6,32976,8,244,6119)
r(0,32977,8,244,6120)
r(0,32977,8,244,6121)
r(0,32977,8,244,6122)
r(3,32966,8,244,6123)
r(1,32974,8,244,6124)
r(15,42959,8,245,6125)
r(0,43050,8,245,6126)
r(4,43035,8,245,6127)
r(1,43051,8,245,6128)
r(17,43054,8,245,6129)
r(4,43035,8,245,6130)
r(2,43053,8,245,6131)
r(0,43050,8,245,6132)
r(0,43050,8,245,6133)
r(3,43049,8,245,6134)
r(0,43050,8,245,6135)
r(5,2913,8,245,6136)
r(13,2914,8,245,6137)
r(0,43050,8,245,6138)
r(1,43051,8,245,6139)
r(16,32968,8,245,6140)
r(0,43050,8,245,6141)
r(0,43050,8,245,6142)
r(14,82945,8,245,6143)
r(1,43051,8,245,6144)
r(1,43051,8,245,6145)
r(0,43050,8,245,6146)
r(2,43053,8,245,6147)
r(1,43051,8,245,6148)
r(8,43042,8,245,6149)
r(7,2940,8,247,6175)
r(10,62906,8,247,6176)
r(0,2947,8,247,6177)
r(0,2947,8,247,6178)
r(0,2947,8,247,6179)
r(0,2947,8,247,6180)
r(2,2942,8,247,6181)
r(19,32979,8,247,6182)
r(10,62906,8,247,6183)
r(0,2947,8,247,6184)
r(17,43054,8,247,6185)
w(4,83004,8,247,6186)
w(1,83005,8,247,6187)
w(0,83006,8,247,6188)
w(8,83007,8,247,6189)
w(6,83008,8,247,6190)
w(5,83009,8,247,6191)
w(1,83010,8,247,6192)
w(0,83011,8,247,6193)
w(0,83012,8,247,6194)
w(3,83013,8,247,6195)
w(2,83014,8,247,6196)
w(4,83015,8,247,6197)
w(19,83016,8,247,6198)
w(11,83017,8,247,6199)
r(9,93136,8,248,6200)
r(7,2940,8,248,6201)
r(1,83010,8,248,6202)
r(1,83010,8,248,6203)
r(9,93136,8,248,6204)
r(1,83010,8,248,6205)
r(2,83014,8,248,6206)
r(0,83012,8,248,6207)
r(2,83014,8,248,6208)
r(0,83012,8,248,6209)
r(15,42959,8,248,6210)
r(1,83010,8,248,6211)
r(0,83012,8,248,6212)
r(0,83012,8,248,6213)
r(0,83012,8,248,6214)
r(14,93151,8,248,6215)
r(4,83015,8,248,6216)
r(11,83017,8,248,6217)
r(1,83010,8,248,6218)
r(2,83014,8,248,6219)
r(16,62911,8,248,6220)
r(0,83012,8,248,6221)
r(1,83010,8,248,6222)
r(2,83014,8,248,6223)
r(8,83007,8,248,6224)
r(2,12802,8,250,6250)
r(14,93151,8,250,6251)
r(17,12800,8,250,6252)
r(10,93150,8,250,6253)
r(5,12804,8,250,6254)
r(0,12803,8,250,6255)
r(0,12803,8,250,6256)
r(18,62859,8,250,6257)
r(2,12802,8,250,6258)
r(2,12802,8,250,6259)
r(0,12803,8,250,6260)
w(11,83025,8,250,6261)
w(0,83026,8,250,6262)
w(1,83027,8,250,6263)
w(1,83028,8,250,6264)
w(5,83029,8,250,6265)
w(7,83030,8,250,6266)
w(11,83031,8,250,6267)
w(3,83032,8,250,6268)
w(8,83033,8,250,6269)
w(0,83034,8,250,6270)
w(0,83035,8,250,6271)
w(4,83036,8,250,6272)
w(4,83037,8,250,6273)
w(16,83038,8,250,6274)
r(2,12802,8,252,6300)
r(14,93151,8,252,6301)
r(18,62859,8,252,6302)
r(2,12802,8,252,6303)
r(17,12800,8,252,6304)
r(10,93150,8,252,6305)
r(1,83028,8,252,6306)
r(0,83035,8,252,6307)
r(14,93151,8,252,6308)
r(0,83035,8,252,6309)
r(0,83035,8,252,6310)
r(19,83016,8,252,6311)
r(8,83033,8,252,6312)
r(2,12802,8,252,6313)
r(0,83035,8,252,6314)
r(1,83028,8,252,6315)
r(10,93150,8,252,6316)
r(0,83035,8,252,6317)
r(2,12802,8,252,6318)
r(2,12802,8,252,6319)
r(9,33019,8,252,6320)
r(18,62859,8,252,6321)
r(18,62859,8,252,6322)
r(0,83035,8,252,6323)
r(5,83029,8,252,6324)
r(8,83033,8,255,6375)
r(10,93150,8,255,6376)
r(19,83016,8,255,6377)
r(7,83030,8,255,6378)
r(13,62976,8,255,6379)
r(6,33025,8,255,6380)
r(0,62982,8,255,6381)
r(7,83030,8,255,6382)
r(0,62982,8,255,6383)
r(0,62982,8,255,6384)
r(2,62979,8,255,6385)
r(5,83029,8,255,6386)
r(0,62982,8,255,6387)
r(19,83016,8,255,6388)
r(11,83031,8,255,6389)
r(9,62980,8,255,6390)
r(4,72938,8,255,6391)
r(0,62982,8,255,6392)
r(18,62859,8,255,6393)
r(6,33025,8,255,6394)
r(19,83016,8,255,6395)
r(16,83038,8,255,6396)
r(0,62982,8,255,6397)
r(9,62980,8,255,6398)
r(8,83033,8,255,6399)
r(19,83016,8,256,6400)
r(1,62977,8,256,6401)
r(0,62982,8,256,6402)
r(0,62982,8,256,6403)
r(4,72938,8,256,6404)
r(9,62980,8,256,6405)
r(3,62981,8,256,6406)
r(12,93131,8,256,6407)
r(0,62982,8,256,6408)
r(10,93150,8,256,6409)
r(0,62982,8,256,6410)
r(2,62979,8,256,6411)
r(7,83030,8,256,6412)
r(0,62982,8,256,6413)
r(0,62982,8,256,6414)
w(18,83083,8,256,6415)
w(7,83084,8,256,6416)
w(1,83085,8,256,6417)
w(9,83086,8,256,6418)
w(4,83087,8,256,6419)
w(1,83088,8,256,6420)
w(3,83089,8,256,6421)
w(0,83090,8,256,6422)
w(6,83091,8,256,6423)
w(18,83092,8,256,6424)
