r(17,90006,5,1,25)
r(0,90023,5,1,26)
r(0,90023,5,1,27)
r(1,90017,5,1,28)
r(3,90024,5,1,29)
r(3,90024,5,1,30)
r(1,90017,5,1,31)
r(0,90023,5,1,32)
r(17,90006,5,1,33)
r(2,90012,5,1,34)
r(13,13,5,1,35)
r(12,90020,5,1,36)
r(0,90023,5,1,37)
r(2,90012,5,1,38)
r(7,30012,5,1,39)
r(0,90023,5,1,40)
r(3,90024,5,1,41)
r(3,90024,5,1,42)
r(0,90023,5,1,43)
r(0,90023,5,1,44)
r(1,90017,5,1,45)
r(6,90003,5,1,46)
r(2,90012,5,1,47)
r(11,6,5,1,48)
r(5,90007,5,1,49)
r(4,90025,5,2,50)
r(13,13,5,2,51)
r(4,90025,5,2,52)
r(1,90017,5,2,53)
r(7,30012,5,2,54)
r(19,90009,5,2,55)
r(1,90017,5,2,56)
r(1,90017,5,2,57)
r(1,90017,5,2,58)
r(0,90023,5,2,59)
r(4,90025,5,2,60)
r(4,90025,5,2,61)
r(3,90024,5,2,62)
r(1,90017,5,2,63)
r(8,90014,5,2,64)
r(0,90023,5,2,65)
r(1,90017,5,2,66)
r(3,90024,5,2,67)
r(6,90003,5,2,68)
r(0,90023,5,2,69)
r(0,90023,5,2,70)
r(0,90023,5,2,71)
r(0,90023,5,2,72)
r(0,90023,5,2,73)
r(0,90023,5,2,74)
r(0,60030,5,4,100)
r(1,20036,5,4,101)
r(1,20036,5,4,102)
r(0,60030,5,4,103)
r(0,60030,5,4,104)
r(12,90020,5,4,105)
r(0,60030,5,4,106)
r(9,90005,5,4,107)
r(10,20018,5,4,108)
r(16,90004,5,4,109)
r(8,20032,5,4,110)
r(1,20036,5,4,111)
r(1,20036,5,4,112)
r(0,60030,5,4,113)
r(10,20018,5,4,114)
r(0,60030,5,4,115)
r(5,20040,5,4,116)
r(4,20022,5,4,117)
w(12,50051,5,4,118)
w(3,50052,5,4,119)
w(2,50053,5,4,120)
w(3,50054,5,4,121)
w(11,50055,5,4,122)
w(7,50056,5,4,123)
w(0,50057,5,4,124)
r(5,70151,5,10,250)
r(6,70135,5,10,251)
r(18,80037,5,10,252)
r(3,40141,5,10,253)
r(0,30156,5,10,254)
r(10,70157,5,10,255)
r(4,70144,5,10,256)
r(0,30156,5,10,257)
r(0,30156,5,10,258)
r(3,40141,5,10,259)
r(7,40138,5,10,260)
r(12,30155,5,10,261)
r(8,70158,5,10,262)
r(1,70152,5,10,263)
r(0,30156,5,10,264)
r(0,30156,5,10,265)
r(19,90009,5,10,266)
r(1,70152,5,10,267)
r(0,30156,5,10,268)
r(0,30156,5,10,269)
r(10,70157,5,10,270)
r(0,30156,5,10,271)
r(0,30156,5,10,272)
r(0,30156,5,10,273)
r(0,30156,5,10,274)
r(0,20177,5,11,275)
r(7,40138,5,11,276)
r(14,70136,5,11,277)
r(1,70152,5,11,278)
r(6,20164,5,11,279)
r(7,40138,5,11,280)
r(1,70152,5,11,281)
r(0,20177,5,11,282)
r(1,70152,5,11,283)
r(2,20170,5,11,284)
r(0,20177,5,11,285)
r(1,70152,5,11,286)
r(9,20171,5,11,287)
r(0,20177,5,11,288)
r(1,70152,5,11,289)
r(2,20170,5,11,290)
r(7,40138,5,11,291)
r(13,40139,5,11,292)
r(11,20109,5,11,293)
r(0,20177,5,11,294)
r(7,40138,5,11,295)
r(11,20109,5,11,296)
r(0,20177,5,11,297)
r(16,70142,5,11,298)
r(1,70152,5,11,299)
w(8,50138,5,12,300)
w(0,50139,5,12,301)
w(2,50140,5,12,302)
w(0,50141,5,12,303)
w(14,50142,5,12,304)
w(3,50143,5,12,305)
w(0,50144,5,12,306)
w(0,50145,5,12,307)
w(10,50146,5,12,308)
w(0,50147,5,12,309)
w(16,50148,5,12,310)
w(8,50149,5,12,311)
w(15,50150,5,12,312)
w(0,50151,5,12,313)
w(4,50152,5,12,314)
w(2,50153,5,12,315)
w(0,50154,5,12,316)
w(1,50155,5,12,317)
w(2,50156,5,12,318)
w(0,50157,5,12,319)
w(1,50158,5,12,320)
w(13,50159,5,12,321)
w(4,50160,5,12,322)
w(1,50161,5,12,323)
w(8,50162,5,12,324)
r(1,50161,5,13,325)
r(1,50161,5,13,326)
r(7,40186,5,13,327)
r(0,50157,5,13,328)
r(1,50161,5,13,329)
r(0,50157,5,13,330)
r(1,50161,5,13,331)
r(16,50148,5,13,332)
r(16,50148,5,13,333)
r(0,50157,5,13,334)
r(0,50157,5,13,335)
r(7,40186,5,13,336)
r(0,50157,5,13,337)
w(0,50163,5,13,338)
w(0,50164,5,13,339)
w(6,50165,5,13,340)
w(0,50166,5,13,341)
w(2,50167,5,13,342)
w(3,50168,5,13,343)
w(0,50169,5,13,344)
w(19,50170,5,13,345)
w(0,50171,5,13,346)
w(11,50172,5,13,347)
w(2,50173,5,13,348)
w(2,50174,5,13,349)
r(0,60217,5,16,400)
r(0,60217,5,16,401)
r(1,60212,5,16,402)
r(2,60209,5,16,403)
r(17,60216,5,16,404)
r(0,60217,5,16,405)
r(10,60214,5,16,406)
r(0,60217,5,16,407)
r(7,245,5,16,408)
r(0,60217,5,16,409)
r(9,60204,5,16,410)
r(0,60217,5,16,411)
r(16,60206,5,16,412)
r(9,60204,5,16,413)
r(0,60217,5,16,414)
r(13,60189,5,16,415)
r(0,60217,5,16,416)
r(5,70217,5,16,417)
r(13,60189,5,16,418)
r(0,60217,5,16,419)
r(0,60217,5,16,420)
r(5,70217,5,16,421)
r(0,60217,5,16,422)
r(7,245,5,16,423)
r(2,60209,5,16,424)
r(0,90263,5,20,500)
r(0,90263,5,20,501)
r(4,90247,5,20,502)
r(8,90243,5,20,503)
r(1,90265,5,20,504)
r(4,90247,5,20,505)
r(18,90268,5,20,506)
r(1,90265,5,20,507)
r(0,90263,5,20,508)
r(17,30230,5,20,509)
r(1,90265,5,20,510)
r(0,90263,5,20,511)
r(0,90263,5,20,512)
r(5,30267,5,20,513)
r(0,90263,5,20,514)
r(11,90266,5,20,515)
r(1,90265,5,20,516)
r(12,30260,5,20,517)
r(12,30260,5,20,518)
r(12,30260,5,20,519)
r(0,90263,5,20,520)
r(6,90233,5,20,521)
r(6,90233,5,20,522)
r(0,90263,5,20,523)
r(0,90263,5,20,524)
r(7,10265,5,22,550)
r(10,90282,5,22,551)
r(19,20276,5,22,552)
r(3,40309,5,22,553)
r(0,90280,5,22,554)
r(4,90247,5,22,555)
r(2,90279,5,22,556)
r(0,90280,5,22,557)
r(0,90280,5,22,558)
r(0,90280,5,22,559)
r(0,90280,5,22,560)
r(4,90247,5,22,561)
r(0,90280,5,22,562)
r(2,90279,5,22,563)
r(3,40309,5,22,564)
r(3,40309,5,22,565)
r(1,90273,5,22,566)
r(18,90268,5,22,567)
r(3,40309,5,22,568)
r(3,40309,5,22,569)
r(0,90280,5,22,570)
r(3,40309,5,22,571)
r(6,90281,5,22,572)
r(3,40309,5,22,573)
r(0,90280,5,22,574)
r(2,90279,5,23,575)
r(1,90273,5,23,576)
r(2,90279,5,23,577)
r(0,90280,5,23,578)
r(0,90280,5,23,579)
r(0,90280,5,23,580)
r(6,90281,5,23,581)
r(13,90276,5,23,582)
r(0,90280,5,23,583)
r(0,90280,5,23,584)
r(10,90282,5,23,585)
w(2,50273,5,23,586)
w(2,50274,5,23,587)
w(0,50275,5,23,588)
w(0,50276,5,23,589)
w(0,50277,5,23,590)
w(10,50278,5,23,591)
w(0,50279,5,23,592)
w(1,50280,5,23,593)
w(0,50281,5,23,594)
w(2,50282,5,23,595)
w(3,50283,5,23,596)
w(16,50284,5,23,597)
w(1,50285,5,23,598)
w(11,50286,5,23,599)
r(8,60296,5,25,625)
r(1,60299,5,25,626)
r(1,60299,5,25,627)
r(1,60299,5,25,628)
r(0,60300,5,25,629)
r(15,90242,5,25,630)
r(0,60300,5,25,631)
r(0,60300,5,25,632)
r(0,60300,5,25,633)
r(17,30230,5,25,634)
w(17,50302,5,25,635)
w(3,50303,5,25,636)
w(3,50304,5,25,637)
w(0,50305,5,25,638)
w(0,50306,5,25,639)
w(0,50307,5,25,640)
w(5,50308,5,25,641)
w(11,50309,5,25,642)
w(6,50310,5,25,643)
w(0,50311,5,25,644)
w(11,50312,5,25,645)
w(0,50313,5,25,646)
w(0,50314,5,25,647)
w(0,50315,5,25,648)
w(0,50316,5,25,649)
r(9,70307,5,27,675)
r(17,50302,5,27,676)
r(1,90363,5,27,677)
r(6,50310,5,27,678)
r(7,90331,5,27,679)
r(17,50302,5,27,680)
r(14,90315,5,27,681)
r(1,90363,5,27,682)
r(3,50304,5,27,683)
r(9,70307,5,27,684)
r(0,90359,5,27,685)
r(9,70307,5,27,686)
r(0,90359,5,27,687)
r(16,50284,5,27,688)
r(11,50312,5,27,689)
r(3,50304,5,27,690)
r(0,90359,5,27,691)
r(2,90354,5,27,692)
r(0,90359,5,27,693)
r(9,70307,5,27,694)
r(0,90359,5,27,695)
r(1,90363,5,27,696)
r(7,90331,5,27,697)
r(18,90268,5,27,698)
r(3,50304,5,27,699)
r(5,20373,5,29,725)
r(5,20373,5,29,726)
r(10,90355,5,29,727)
r(11,20366,5,29,728)
r(2,20375,5,29,729)
r(3,20363,5,29,730)
r(2,20375,5,29,731)
r(18,90268,5,29,732)
r(0,20372,5,29,733)
r(18,90268,5,29,734)
r(0,20372,5,29,735)
r(0,20372,5,29,736)
r(12,60289,5,29,737)
r(1,20374,5,29,738)
r(15,90334,5,29,739)
r(4,90353,5,29,740)
r(5,20373,5,29,741)
r(4,90353,5,29,742)
r(3,20363,5,29,743)
r(1,20374,5,29,744)
r(0,20372,5,29,745)
r(16,50284,5,29,746)
r(0,20372,5,29,747)
r(5,20373,5,29,748)
r(0,20372,5,29,749)
r(5,20394,5,31,775)
r(0,476,5,31,776)
r(1,463,5,31,777)
r(18,90268,5,31,778)
r(9,466,5,31,779)
r(0,476,5,31,780)
r(5,20394,5,31,781)
r(1,463,5,31,782)
r(0,476,5,31,783)
r(8,467,5,31,784)
r(1,463,5,31,785)
r(8,467,5,31,786)
r(0,476,5,31,787)
r(10,90355,5,31,788)
r(0,476,5,31,789)
r(8,467,5,31,790)
r(3,459,5,31,791)
r(2,471,5,31,792)
r(11,20366,5,31,793)
r(7,20396,5,31,794)
r(8,467,5,31,795)
r(6,50310,5,31,796)
r(0,476,5,31,797)
r(0,476,5,31,798)
r(1,463,5,31,799)
r(1,80488,5,38,950)
r(1,80488,5,38,951)
r(0,80483,5,38,952)
r(3,70451,5,38,953)
r(1,80488,5,38,954)
r(4,80486,5,38,955)
r(6,60416,5,38,956)
r(1,80488,5,38,957)
r(2,80480,5,38,958)
r(4,80486,5,38,959)
r(12,80485,5,38,960)
r(1,80488,5,38,961)
r(3,70451,5,38,962)
r(15,20464,5,38,963)
r(0,80483,5,38,964)
r(4,80486,5,38,965)
r(0,80483,5,38,966)
r(10,30415,5,38,967)
r(19,80487,5,38,968)
r(1,80488,5,38,969)
r(8,90467,5,38,970)
r(3,70451,5,38,971)
r(5,80479,5,38,972)
r(0,80483,5,38,973)
r(4,80486,5,38,974)
r(0,80483,5,39,975)
r(0,80483,5,39,976)
r(11,10419,5,39,977)
r(0,80483,5,39,978)
r(2,80480,5,39,979)
r(1,80488,5,39,980)
r(3,70451,5,39,981)
r(0,80483,5,39,982)
r(0,80483,5,39,983)
r(1,80488,5,39,984)
r(4,80486,5,39,985)
r(1,80488,5,39,986)
r(7,60415,5,39,987)
r(18,80481,5,39,988)
r(1,80488,5,39,989)
r(1,80488,5,39,990)
r(15,20464,5,39,991)
r(0,80483,5,39,992)
r(3,70451,5,39,993)
r(6,60416,5,39,994)
r(13,10383,5,39,995)
r(12,80485,5,39,996)
r(0,80483,5,39,997)
r(0,80483,5,39,998)
r(1,80488,5,39,999)
r(1,20538,5,43,1075)
r(0,20537,5,43,1076)
r(0,20537,5,43,1077)
r(19,70502,5,43,1078)
r(19,70502,5,43,1079)
r(10,20509,5,43,1080)
r(1,20538,5,43,1081)
r(0,20537,5,43,1082)
r(5,20540,5,43,1083)
r(5,20540,5,43,1084)
r(4,70493,5,43,1085)
w(18,50481,5,43,1086)
w(5,50482,5,43,1087)
w(11,50483,5,43,1088)
w(0,50484,5,43,1089)
w(0,50485,5,43,1090)
w(12,50486,5,43,1091)
w(13,50487,5,43,1092)
w(3,50488,5,43,1093)
w(4,50489,5,43,1094)
w(19,50490,5,43,1095)
w(1,50491,5,43,1096)
w(10,50492,5,43,1097)
w(2,50493,5,43,1098)
w(9,50494,5,43,1099)
r(0,50485,5,44,1100)
r(0,50485,5,44,1101)
r(1,50491,5,44,1102)
r(3,50488,5,44,1103)
r(1,50491,5,44,1104)
r(0,50485,5,44,1105)
r(2,50493,5,44,1106)
r(0,50485,5,44,1107)
r(2,50493,5,44,1108)
r(2,50493,5,44,1109)
r(12,50486,5,44,1110)
r(18,50481,5,44,1111)
r(0,50485,5,44,1112)
r(3,50488,5,44,1113)
r(0,50485,5,44,1114)
r(11,50483,5,44,1115)
r(0,50485,5,44,1116)
r(0,50485,5,44,1117)
r(2,50493,5,44,1118)
r(0,50485,5,44,1119)
r(5,50482,5,44,1120)
r(0,50485,5,44,1121)
r(1,50491,5,44,1122)
r(2,50493,5,44,1123)
r(1,50491,5,44,1124)
r(13,50487,5,45,1125)
r(9,50494,5,45,1126)
r(0,50485,5,45,1127)
r(2,50493,5,45,1128)
r(2,50493,5,45,1129)
r(1,50491,5,45,1130)
r(5,50482,5,45,1131)
r(0,50485,5,45,1132)
r(0,50485,5,45,1133)
r(5,50482,5,45,1134)
r(1,50491,5,45,1135)
r(2,50493,5,45,1136)
r(1,50491,5,45,1137)
r(0,50485,5,45,1138)
r(16,90515,5,45,1139)
r(6,20534,5,45,1140)
r(8,20535,5,45,1141)
r(3,50488,5,45,1142)
r(2,50493,5,45,1143)
r(0,50485,5,45,1144)
r(0,50485,5,45,1145)
r(6,20534,5,45,1146)
r(4,50489,5,45,1147)
r(6,20534,5,45,1148)
r(13,50487,5,45,1149)
r(2,30517,5,47,1175)
r(1,30514,5,47,1176)
r(2,30517,5,47,1177)
r(11,30518,5,47,1178)
r(3,50488,5,47,1179)
r(4,30512,5,47,1180)
r(4,30512,5,47,1181)
r(12,40516,5,47,1182)
r(0,30516,5,47,1183)
r(13,30520,5,47,1184)
r(14,40511,5,47,1185)
r(0,30516,5,47,1186)
r(1,30514,5,47,1187)
r(7,90511,5,47,1188)
r(5,50482,5,47,1189)
r(2,30517,5,47,1190)
r(0,30516,5,47,1191)
r(3,50488,5,47,1192)
r(0,30516,5,47,1193)
r(1,30514,5,47,1194)
r(1,30514,5,47,1195)
r(6,30519,5,47,1196)
r(10,30521,5,47,1197)
r(13,30520,5,47,1198)
r(1,30514,5,47,1199)
r(0,70598,5,50,1250)
r(12,60496,5,50,1251)
r(7,662,5,50,1252)
r(0,70598,5,50,1253)
r(0,70598,5,50,1254)
r(0,70598,5,50,1255)
r(3,654,5,50,1256)
r(2,70596,5,50,1257)
r(17,30585,5,50,1258)
r(8,40550,5,50,1259)
r(1,70597,5,50,1260)
r(0,70598,5,50,1261)
r(4,658,5,50,1262)
w(10,50553,5,50,1263)
w(1,50554,5,50,1264)
w(2,50555,5,50,1265)
w(5,50556,5,50,1266)
w(0,50557,5,50,1267)
w(1,50558,5,50,1268)
w(7,50559,5,50,1269)
w(17,50560,5,50,1270)
w(9,50561,5,50,1271)
w(19,50562,5,50,1272)
w(4,50563,5,50,1273)
w(2,50564,5,50,1274)
r(4,10647,5,55,1375)
r(6,769,5,55,1376)
r(12,768,5,55,1377)
r(2,10643,5,55,1378)
r(13,10644,5,55,1379)
r(6,769,5,55,1380)
r(2,10643,5,55,1381)
r(1,767,5,55,1382)
r(9,757,5,55,1383)
r(17,50560,5,55,1384)
r(1,767,5,55,1385)
r(0,762,5,55,1386)
r(8,80661,5,55,1387)
r(19,50562,5,55,1388)
r(3,80698,5,55,1389)
r(17,50560,5,55,1390)
r(17,50560,5,55,1391)
r(5,761,5,55,1392)
r(0,762,5,55,1393)
r(2,10643,5,55,1394)
r(1,767,5,55,1395)
r(0,762,5,55,1396)
r(2,10643,5,55,1397)
r(7,770,5,55,1398)
r(1,767,5,55,1399)
r(0,20743,5,56,1400)
r(11,70620,5,56,1401)
r(11,70620,5,56,1402)
r(2,20741,5,56,1403)
r(0,20743,5,56,1404)
r(13,10644,5,56,1405)
r(0,20743,5,56,1406)
r(1,20744,5,56,1407)
r(15,763,5,56,1408)
r(3,80698,5,56,1409)
r(0,20743,5,56,1410)
r(6,769,5,56,1411)
r(8,80661,5,56,1412)
r(3,80698,5,56,1413)
r(5,20740,5,56,1414)
r(18,766,5,56,1415)
r(0,20743,5,56,1416)
r(7,770,5,56,1417)
r(11,70620,5,56,1418)
r(7,770,5,56,1419)
r(0,20743,5,56,1420)
r(0,20743,5,56,1421)
r(15,763,5,56,1422)
r(1,20744,5,56,1423)
r(0,20743,5,56,1424)
r(7,770,5,57,1425)
r(11,70620,5,57,1426)
r(13,10644,5,57,1427)
r(1,20744,5,57,1428)
r(14,80685,5,57,1429)
r(1,20744,5,57,1430)
r(10,40625,5,57,1431)
r(0,20743,5,57,1432)
r(10,40625,5,57,1433)
r(0,20743,5,57,1434)
r(3,80698,5,57,1435)
r(5,20740,5,57,1436)
r(18,766,5,57,1437)
r(11,70620,5,57,1438)
r(0,20743,5,57,1439)
r(8,80661,5,57,1440)
r(1,20744,5,57,1441)
r(0,20743,5,57,1442)
r(3,80698,5,57,1443)
r(11,70620,5,57,1444)
r(1,20744,5,57,1445)
r(5,20740,5,57,1446)
r(9,757,5,57,1447)
r(2,20741,5,57,1448)
r(5,20740,5,57,1449)
r(4,10647,5,58,1450)
r(1,80733,5,58,1451)
r(1,80733,5,58,1452)
r(9,80726,5,58,1453)
r(0,80732,5,58,1454)
r(14,80685,5,58,1455)
r(14,80685,5,58,1456)
r(9,80726,5,58,1457)
r(1,80733,5,58,1458)
r(0,80732,5,58,1459)
r(10,80729,5,58,1460)
r(1,80733,5,58,1461)
r(19,80727,5,58,1462)
r(5,20740,5,58,1463)
r(1,80733,5,58,1464)
r(1,80733,5,58,1465)
r(18,766,5,58,1466)
r(13,10644,5,58,1467)
r(0,80732,5,58,1468)
r(2,20741,5,58,1469)
r(0,80732,5,58,1470)
r(0,80732,5,58,1471)
r(2,20741,5,58,1472)
r(2,20741,5,58,1473)
r(16,80728,5,58,1474)
r(1,30727,5,60,1500)
r(7,60656,5,60,1501)
r(5,60662,5,60,1502)
r(15,763,5,60,1503)
r(3,60657,5,60,1504)
r(2,60664,5,60,1505)
r(15,763,5,60,1506)
r(2,60664,5,60,1507)
r(1,30727,5,60,1508)
r(11,60671,5,60,1509)
r(3,60657,5,60,1510)
w(8,50648,5,60,1511)
w(4,50649,5,60,1512)
w(5,50650,5,60,1513)
w(12,50651,5,60,1514)
w(0,50652,5,60,1515)
w(16,50653,5,60,1516)
w(3,50654,5,60,1517)
w(1,50655,5,60,1518)
w(2,50656,5,60,1519)
w(10,50657,5,60,1520)
w(7,50658,5,60,1521)
w(2,50659,5,60,1522)
w(0,50660,5,60,1523)
w(2,50661,5,60,1524)
r(2,50661,5,61,1525)
r(7,50658,5,61,1526)
r(0,50660,5,61,1527)
r(1,50655,5,61,1528)
r(2,50661,5,61,1529)
r(1,50655,5,61,1530)
r(1,50655,5,61,1531)
r(1,50655,5,61,1532)
r(3,50654,5,61,1533)
r(8,50648,5,61,1534)
r(0,50660,5,61,1535)
r(9,30745,5,61,1536)
r(0,50660,5,61,1537)
w(0,50662,5,61,1538)
w(0,50663,5,61,1539)
w(14,50664,5,61,1540)
w(0,50665,5,61,1541)
w(0,50666,5,61,1542)
w(6,50667,5,61,1543)
w(0,50668,5,61,1544)
w(16,50669,5,61,1545)
w(0,50670,5,61,1546)
w(6,50671,5,61,1547)
w(0,50672,5,61,1548)
w(9,50673,5,61,1549)
r(0,80795,5,63,1575)
r(8,80777,5,63,1576)
r(3,90785,5,63,1577)
r(2,90792,5,63,1578)
r(9,80767,5,63,1579)
r(10,80774,5,63,1580)
r(3,90785,5,63,1581)
r(0,80795,5,63,1582)
r(1,80793,5,63,1583)
r(0,80795,5,63,1584)
r(0,80795,5,63,1585)
r(3,90785,5,63,1586)
r(9,80767,5,63,1587)
r(19,90789,5,63,1588)
r(2,90792,5,63,1589)
r(0,80795,5,63,1590)
r(1,80793,5,63,1591)
r(7,80789,5,63,1592)
r(5,90787,5,63,1593)
r(0,80795,5,63,1594)
r(0,80795,5,63,1595)
r(0,80795,5,63,1596)
r(1,80793,5,63,1597)
r(12,50651,5,63,1598)
r(0,80795,5,63,1599)
r(1,80803,5,64,1600)
r(17,80779,5,64,1601)
r(7,80789,5,64,1602)
r(0,80806,5,64,1603)
r(1,80803,5,64,1604)
r(3,80801,5,64,1605)
r(4,80782,5,64,1606)
r(0,80806,5,64,1607)
r(8,80796,5,64,1608)
r(13,80798,5,64,1609)
r(1,80803,5,64,1610)
r(8,80796,5,64,1611)
r(16,50669,5,64,1612)
r(0,80806,5,64,1613)
r(4,80782,5,64,1614)
r(2,80797,5,64,1615)
r(13,80798,5,64,1616)
r(0,80806,5,64,1617)
r(0,80806,5,64,1618)
r(10,80774,5,64,1619)
r(0,80806,5,64,1620)
r(1,80803,5,64,1621)
r(0,80806,5,64,1622)
r(0,80806,5,64,1623)
r(11,80802,5,64,1624)
r(10,80774,5,66,1650)
r(0,70736,5,66,1651)
r(0,70736,5,66,1652)
r(15,80764,5,66,1653)
r(3,70740,5,66,1654)
r(0,70736,5,66,1655)
r(0,70736,5,66,1656)
r(4,70738,5,66,1657)
r(0,70736,5,66,1658)
r(12,70743,5,66,1659)
r(0,70736,5,66,1660)
r(18,80792,5,66,1661)
r(18,80792,5,66,1662)
r(1,80803,5,66,1663)
r(0,70736,5,66,1664)
r(0,70736,5,66,1665)
r(7,70744,5,66,1666)
r(0,70736,5,66,1667)
r(9,70739,5,66,1668)
r(3,70740,5,66,1669)
r(1,80803,5,66,1670)
r(12,70743,5,66,1671)
r(6,80791,5,66,1672)
r(1,80803,5,66,1673)
r(9,70739,5,66,1674)
r(2,90926,5,71,1775)
r(3,90928,5,71,1776)
r(0,90927,5,71,1777)
r(12,60786,5,71,1778)
r(18,80881,5,71,1779)
r(0,90927,5,71,1780)
r(2,90926,5,71,1781)
r(3,90928,5,71,1782)
r(9,90921,5,71,1783)
r(12,60786,5,71,1784)
r(0,90927,5,71,1785)
r(4,60796,5,71,1786)
r(9,90921,5,71,1787)
r(10,80933,5,71,1788)
r(6,90930,5,71,1789)
r(2,90926,5,71,1790)
r(0,90927,5,71,1791)
r(16,80886,5,71,1792)
r(0,90927,5,71,1793)
r(0,90927,5,71,1794)
r(2,90926,5,71,1795)
r(2,90926,5,71,1796)
r(9,90921,5,71,1797)
r(1,60797,5,71,1798)
r(0,90927,5,71,1799)
r(1,30908,5,73,1825)
r(8,30909,5,73,1826)
r(0,30907,5,73,1827)
r(0,30907,5,73,1828)
r(1,30908,5,73,1829)
r(1,30908,5,73,1830)
r(3,10831,5,73,1831)
r(0,30907,5,73,1832)
r(2,30904,5,73,1833)
r(5,30905,5,73,1834)
w(0,50783,5,73,1835)
w(0,50784,5,73,1836)
w(0,50785,5,73,1837)
w(17,50786,5,73,1838)
w(16,50787,5,73,1839)
w(6,50788,5,73,1840)
w(0,50789,5,73,1841)
w(1,50790,5,73,1842)
w(0,50791,5,73,1843)
w(13,50792,5,73,1844)
w(0,50793,5,73,1845)
w(0,50794,5,73,1846)
w(15,50795,5,73,1847)
w(5,50796,5,73,1848)
w(3,50797,5,73,1849)
w(0,50798,5,74,1850)
w(10,50799,5,74,1851)
w(2,50800,5,74,1852)
w(1,50801,5,74,1853)
w(4,50802,5,74,1854)
w(12,50803,5,74,1855)
w(1,50804,5,74,1856)
w(7,50805,5,74,1857)
w(5,50806,5,74,1858)
w(19,50807,5,74,1859)
w(1,50808,5,74,1860)
w(1,50809,5,74,1861)
w(1,50810,5,74,1862)
w(10,50811,5,74,1863)
w(3,50812,5,74,1864)
w(16,50813,5,74,1865)
w(13,50814,5,74,1866)
w(3,50815,5,74,1867)
w(2,50816,5,74,1868)
w(1,50817,5,74,1869)
w(15,50818,5,74,1870)
w(4,50819,5,74,1871)
w(1,50820,5,74,1872)
w(1,50821,5,74,1873)
w(1,50822,5,74,1874)
r(2,50816,5,76,1900)
r(1,50822,5,76,1901)
r(0,50798,5,76,1902)
r(0,50798,5,76,1903)
r(0,50798,5,76,1904)
r(1,50822,5,76,1905)
r(0,50798,5,76,1906)
r(10,50811,5,76,1907)
r(15,50818,5,76,1908)
r(6,70835,5,76,1909)
r(9,10819,5,76,1910)
r(7,50805,5,76,1911)
r(0,50798,5,76,1912)
r(2,50816,5,76,1913)
r(12,50803,5,76,1914)
r(18,20995,5,76,1915)
r(2,50816,5,76,1916)
r(0,50798,5,76,1917)
r(4,50819,5,76,1918)
r(2,50816,5,76,1919)
r(1,50822,5,76,1920)
r(19,50807,5,76,1921)
r(2,50816,5,76,1922)
r(0,50798,5,76,1923)
r(2,50816,5,76,1924)
r(3,50815,5,77,1925)
r(7,50805,5,77,1926)
r(0,50798,5,77,1927)
r(17,50786,5,77,1928)
r(1,50822,5,77,1929)
r(1,50822,5,77,1930)
r(3,50815,5,77,1931)
r(0,50798,5,77,1932)
r(2,50816,5,77,1933)
r(8,20998,5,77,1934)
r(0,50798,5,77,1935)
r(8,20998,5,77,1936)
r(8,20998,5,77,1937)
r(1,50822,5,77,1938)
r(10,50811,5,77,1939)
r(5,50806,5,77,1940)
r(9,10819,5,77,1941)
r(7,50805,5,77,1942)
r(4,50819,5,77,1943)
r(2,50816,5,77,1944)
r(3,50815,5,77,1945)
r(13,50814,5,77,1946)
r(2,50816,5,77,1947)
r(9,10819,5,77,1948)
r(10,50811,5,77,1949)
r(1,50822,5,78,1950)
r(12,50803,5,78,1951)
r(1,50822,5,78,1952)
r(1,50822,5,78,1953)
r(10,50811,5,78,1954)
r(0,50798,5,78,1955)
r(1,50822,5,78,1956)
r(16,50813,5,78,1957)
r(1,50822,5,78,1958)
r(2,50816,5,78,1959)
r(0,50798,5,78,1960)
r(8,20998,5,78,1961)
r(3,50815,5,78,1962)
r(0,50798,5,78,1963)
r(1,50822,5,78,1964)
r(0,50798,5,78,1965)
r(3,50815,5,78,1966)
r(0,50798,5,78,1967)
r(12,50803,5,78,1968)
r(0,50798,5,78,1969)
r(0,50798,5,78,1970)
r(0,50798,5,78,1971)
r(5,50806,5,78,1972)
r(4,50819,5,78,1973)
r(15,50818,5,78,1974)
r(2,80988,5,79,1975)
r(0,80990,5,79,1976)
r(0,80990,5,79,1977)
r(4,80995,5,79,1978)
r(8,20998,5,79,1979)
r(3,50815,5,79,1980)
r(12,50803,5,79,1981)
r(1,50822,5,79,1982)
r(1,50822,5,79,1983)
r(1,50822,5,79,1984)
w(2,50836,5,79,1985)
w(15,50837,5,79,1986)
w(9,50838,5,79,1987)
w(1,50839,5,79,1988)
w(1,50840,5,79,1989)
w(0,50841,5,79,1990)
w(0,50842,5,79,1991)
w(0,50843,5,79,1992)
w(0,50844,5,79,1993)
w(2,50845,5,79,1994)
w(8,50846,5,79,1995)
w(0,50847,5,79,1996)
w(6,50848,5,79,1997)
w(0,50849,5,79,1998)
w(0,50850,5,79,1999)
r(1,60945,5,82,2050)
r(10,10887,5,82,2051)
r(4,60941,5,82,2052)
r(0,60947,5,82,2053)
r(2,30990,5,82,2054)
r(2,30990,5,82,2055)
r(0,60947,5,82,2056)
r(1,60945,5,82,2057)
r(0,60947,5,82,2058)
r(3,60942,5,82,2059)
r(7,10891,5,82,2060)
r(2,30990,5,82,2061)
r(0,60947,5,82,2062)
r(3,60942,5,82,2063)
r(6,30987,5,82,2064)
r(5,81032,5,82,2065)
r(2,30990,5,82,2066)
r(2,30990,5,82,2067)
w(17,50877,5,82,2068)
w(18,50878,5,82,2069)
w(3,50879,5,82,2070)
w(0,50880,5,82,2071)
w(8,50881,5,82,2072)
w(11,50882,5,82,2073)
w(2,50883,5,82,2074)
r(1,10923,5,84,2100)
r(5,10922,5,84,2101)
r(0,10925,5,84,2102)
r(19,81026,5,84,2103)
r(0,10925,5,84,2104)
r(1,10923,5,84,2105)
r(0,10925,5,84,2106)
r(1,10923,5,84,2107)
r(15,60938,5,84,2108)
r(16,50813,5,84,2109)
r(1,10923,5,84,2110)
r(11,10917,5,84,2111)
w(11,50894,5,84,2112)
w(7,50895,5,84,2113)
w(4,50896,5,84,2114)
w(2,50897,5,84,2115)
w(1,50898,5,84,2116)
w(2,50899,5,84,2117)
w(2,50900,5,84,2118)
w(18,50901,5,84,2119)
w(0,50902,5,84,2120)
w(1,50903,5,84,2121)
w(0,50904,5,84,2122)
w(0,50905,5,84,2123)
w(1,50906,5,84,2124)
r(10,81039,5,88,2200)
r(2,61012,5,88,2201)
r(10,81039,5,88,2202)
r(6,21084,5,88,2203)
r(19,60975,5,88,2204)
r(7,21091,5,88,2205)
r(2,61012,5,88,2206)
r(1,61019,5,88,2207)
r(2,61012,5,88,2208)
r(14,1089,5,88,2209)
r(1,61019,5,88,2210)
r(13,61013,5,88,2211)
r(15,61011,5,88,2212)
r(0,61016,5,88,2213)
r(17,50877,5,88,2214)
r(3,61014,5,88,2215)
r(8,61008,5,88,2216)
r(0,61016,5,88,2217)
r(14,1089,5,88,2218)
r(1,61019,5,88,2219)
r(0,61016,5,88,2220)
r(1,61019,5,88,2221)
r(11,1081,5,88,2222)
r(0,61016,5,88,2223)
r(0,61016,5,88,2224)
r(9,31083,5,93,2325)
r(5,61091,5,93,2326)
r(1,61087,5,93,2327)
r(0,61096,5,93,2328)
r(13,31084,5,93,2329)
r(5,61091,5,93,2330)
r(16,61090,5,93,2331)
r(1,61087,5,93,2332)
r(5,61091,5,93,2333)
r(0,61096,5,93,2334)
r(6,61092,5,93,2335)
r(8,81154,5,93,2336)
r(8,81154,5,93,2337)
r(0,61096,5,93,2338)
r(0,61096,5,93,2339)
r(1,61087,5,93,2340)
r(1,61087,5,93,2341)
r(0,61096,5,93,2342)
r(2,61095,5,93,2343)
r(14,61093,5,93,2344)
r(14,61093,5,93,2345)
r(10,11003,5,93,2346)
r(0,61096,5,93,2347)
r(0,61096,5,93,2348)
r(8,81154,5,93,2349)
r(0,41034,5,94,2350)
r(0,41034,5,94,2351)
r(0,41034,5,94,2352)
r(1,41033,5,94,2353)
r(5,61091,5,94,2354)
r(0,41034,5,94,2355)
r(1,41033,5,94,2356)
r(14,41021,5,94,2357)
r(10,41029,5,94,2358)
r(4,41032,5,94,2359)
w(12,51020,5,94,2360)
w(0,51021,5,94,2361)
w(6,51022,5,94,2362)
w(3,51023,5,94,2363)
w(1,51024,5,94,2364)
w(1,51025,5,94,2365)
w(0,51026,5,94,2366)
w(17,51027,5,94,2367)
w(0,51028,5,94,2368)
w(5,51029,5,94,2369)
w(0,51030,5,94,2370)
w(17,51031,5,94,2371)
w(0,51032,5,94,2372)
w(6,51033,5,94,2373)
w(0,51034,5,94,2374)
r(15,41023,5,95,2375)
r(2,81191,5,95,2376)
r(18,11004,5,95,2377)
r(1,51025,5,95,2378)
r(12,51020,5,95,2379)
r(2,81191,5,95,2380)
r(0,51034,5,95,2381)
r(7,81193,5,95,2382)
r(19,81207,5,95,2383)
r(3,51023,5,95,2384)
r(13,31084,5,95,2385)
r(7,81193,5,95,2386)
r(7,81193,5,95,2387)
r(0,51034,5,95,2388)
w(0,51035,5,95,2389)
w(0,51036,5,95,2390)
w(0,51037,5,95,2391)
w(0,51038,5,95,2392)
w(6,51039,5,95,2393)
w(16,51040,5,95,2394)
w(0,51041,5,95,2395)
w(1,51042,5,95,2396)
w(7,51043,5,95,2397)
w(15,51044,5,95,2398)
w(0,51045,5,95,2399)
r(0,21208,5,98,2450)
r(2,21206,5,98,2451)
r(2,21206,5,98,2452)
r(3,21203,5,98,2453)
r(9,21196,5,98,2454)
r(12,21202,5,98,2455)
r(1,51042,5,98,2456)
r(2,21206,5,98,2457)
r(4,21204,5,98,2458)
r(0,21208,5,98,2459)
r(0,21208,5,98,2460)
r(7,51043,5,98,2461)
r(0,21208,5,98,2462)
r(6,51039,5,98,2463)
r(11,21198,5,98,2464)
r(12,21202,5,98,2465)
r(2,21206,5,98,2466)
r(2,21206,5,98,2467)
r(12,21202,5,98,2468)
r(0,21208,5,98,2469)
r(5,51029,5,98,2470)
r(3,21203,5,98,2471)
r(13,31084,5,98,2472)
r(6,51039,5,98,2473)
r(2,21206,5,98,2474)
r(0,41097,5,100,2500)
r(1,61210,5,100,2501)
r(7,61197,5,100,2502)
r(1,61210,5,100,2503)
r(13,41098,5,100,2504)
r(0,41097,5,100,2505)
r(4,41102,5,100,2506)
r(0,41097,5,100,2507)
r(14,71027,5,100,2508)
r(5,41101,5,100,2509)
r(0,41097,5,100,2510)
r(8,61211,5,100,2511)
w(0,51083,5,100,2512)
w(0,51084,5,100,2513)
w(2,51085,5,100,2514)
w(0,51086,5,100,2515)
w(0,51087,5,100,2516)
w(5,51088,5,100,2517)
w(0,51089,5,100,2518)
w(0,51090,5,100,2519)
w(7,51091,5,100,2520)
w(10,51092,5,100,2521)
w(17,51093,5,100,2522)
w(0,51094,5,100,2523)
w(0,51095,5,100,2524)
r(0,71133,5,103,2575)
r(8,21287,5,103,2576)
r(9,71131,5,103,2577)
r(10,21290,5,103,2578)
r(2,71132,5,103,2579)
r(0,71133,5,103,2580)
r(12,71135,5,103,2581)
r(0,71133,5,103,2582)
r(4,71138,5,103,2583)
r(1,71139,5,103,2584)
r(11,21198,5,103,2585)
r(8,21287,5,103,2586)
r(1,71139,5,103,2587)
w(18,51131,5,103,2588)
w(13,51132,5,103,2589)
w(6,51133,5,103,2590)
w(16,51134,5,103,2591)
w(1,51135,5,103,2592)
w(16,51136,5,103,2593)
w(0,51137,5,103,2594)
w(1,51138,5,103,2595)
w(1,51139,5,103,2596)
w(2,51140,5,103,2597)
w(1,51141,5,103,2598)
w(6,51142,5,103,2599)
r(0,51137,5,104,2600)
r(2,51140,5,104,2601)
r(5,71129,5,104,2602)
r(18,51131,5,104,2603)
r(11,21198,5,104,2604)
r(3,71134,5,104,2605)
r(2,51140,5,104,2606)
r(0,51137,5,104,2607)
r(0,51137,5,104,2608)
r(2,51140,5,104,2609)
r(8,21287,5,104,2610)
r(0,51137,5,104,2611)
r(10,21290,5,104,2612)
r(3,71134,5,104,2613)
w(1,51143,5,104,2614)
w(18,51144,5,104,2615)
w(1,51145,5,104,2616)
w(7,51146,5,104,2617)
w(2,51147,5,104,2618)
w(4,51148,5,104,2619)
w(0,51149,5,104,2620)
w(10,51150,5,104,2621)
w(1,51151,5,104,2622)
w(0,51152,5,104,2623)
w(2,51153,5,104,2624)
r(0,51152,5,105,2625)
r(0,51152,5,105,2626)
r(7,51146,5,105,2627)
r(2,51153,5,105,2628)
r(3,31208,5,105,2629)
r(0,51152,5,105,2630)
r(3,31208,5,105,2631)
r(1,51151,5,105,2632)
r(0,51152,5,105,2633)
r(0,51152,5,105,2634)
r(5,71129,5,105,2635)
r(4,51148,5,105,2636)
r(0,51152,5,105,2637)
r(0,51152,5,105,2638)
r(1,51151,5,105,2639)
r(6,31206,5,105,2640)
r(3,31208,5,105,2641)
r(1,51151,5,105,2642)
r(16,51136,5,105,2643)
r(0,51152,5,105,2644)
r(1,51151,5,105,2645)
r(0,51152,5,105,2646)
r(0,51152,5,105,2647)
r(0,51152,5,105,2648)
r(15,61192,5,105,2649)
r(0,71175,5,107,2675)
r(1,71173,5,107,2676)
r(10,51150,5,107,2677)
r(6,71176,5,107,2678)
r(13,31209,5,107,2679)
r(11,21198,5,107,2680)
r(0,71175,5,107,2681)
r(1,71173,5,107,2682)
r(12,1314,5,107,2683)
r(13,31209,5,107,2684)
r(0,71175,5,107,2685)
r(1,71173,5,107,2686)
r(1,71173,5,107,2687)
r(2,1327,5,107,2688)
r(2,1327,5,107,2689)
r(6,71176,5,107,2690)
r(8,71174,5,107,2691)
r(6,71176,5,107,2692)
r(0,71175,5,107,2693)
r(5,71170,5,107,2694)
r(0,71175,5,107,2695)
r(2,1327,5,107,2696)
r(0,71175,5,107,2697)
r(0,71175,5,107,2698)
r(2,1327,5,107,2699)
r(0,91416,5,109,2725)
r(6,71176,5,109,2726)
r(4,91411,5,109,2727)
r(0,91416,5,109,2728)
r(2,91402,5,109,2729)
r(0,91416,5,109,2730)
r(12,91397,5,109,2731)
r(0,91416,5,109,2732)
r(7,91395,5,109,2733)
r(10,91407,5,109,2734)
r(0,91416,5,109,2735)
r(2,91402,5,109,2736)
w(0,51179,5,109,2737)
w(18,51180,5,109,2738)
w(2,51181,5,109,2739)
w(1,51182,5,109,2740)
w(0,51183,5,109,2741)
w(15,51184,5,109,2742)
w(4,51185,5,109,2743)
w(12,51186,5,109,2744)
w(1,51187,5,109,2745)
w(2,51188,5,109,2746)
w(1,51189,5,109,2747)
w(1,51190,5,109,2748)
w(6,51191,5,109,2749)
w(0,51192,5,110,2750)
w(0,51193,5,110,2751)
w(8,51194,5,110,2752)
w(3,51195,5,110,2753)
w(0,51196,5,110,2754)
w(0,51197,5,110,2755)
w(18,51198,5,110,2756)
w(1,51199,5,110,2757)
w(0,51200,5,110,2758)
w(1,51201,5,110,2759)
w(2,51202,5,110,2760)
w(0,51203,5,110,2761)
w(0,51204,5,110,2762)
w(6,51205,5,110,2763)
w(0,51206,5,110,2764)
w(19,51207,5,110,2765)
w(18,51208,5,110,2766)
w(3,51209,5,110,2767)
w(6,51210,5,110,2768)
w(4,51211,5,110,2769)
w(1,51212,5,110,2770)
w(0,51213,5,110,2771)
w(0,51214,5,110,2772)
w(10,51215,5,110,2773)
w(0,51216,5,110,2774)
r(2,1429,5,114,2850)
r(0,1435,5,114,2851)
r(19,1420,5,114,2852)
r(8,91440,5,114,2853)
r(0,1435,5,114,2854)
r(4,1434,5,114,2855)
r(1,1428,5,114,2856)
r(4,1434,5,114,2857)
r(0,1435,5,114,2858)
r(9,1419,5,114,2859)
r(0,1435,5,114,2860)
w(10,51278,5,114,2861)
w(0,51279,5,114,2862)
w(1,51280,5,114,2863)
w(1,51281,5,114,2864)
w(8,51282,5,114,2865)
w(0,51283,5,114,2866)
w(9,51284,5,114,2867)
w(1,51285,5,114,2868)
w(0,51286,5,114,2869)
w(8,51287,5,114,2870)
w(18,51288,5,114,2871)
w(6,51289,5,114,2872)
w(1,51290,5,114,2873)
w(16,51291,5,114,2874)
r(0,51286,5,115,2875)
r(0,51286,5,115,2876)
r(1,51290,5,115,2877)
r(1,51290,5,115,2878)
r(0,51286,5,115,2879)
r(0,51286,5,115,2880)
r(1,51290,5,115,2881)
r(0,51286,5,115,2882)
r(3,1425,5,115,2883)
r(0,51286,5,115,2884)
r(5,91442,5,115,2885)
r(0,51286,5,115,2886)
r(1,51290,5,115,2887)
r(13,31302,5,115,2888)
r(2,1429,5,115,2889)
r(2,1429,5,115,2890)
r(0,51286,5,115,2891)
r(4,1434,5,115,2892)
r(5,91442,5,115,2893)
r(3,1425,5,115,2894)
r(11,41260,5,115,2895)
r(10,51278,5,115,2896)
r(10,51278,5,115,2897)
r(0,51286,5,115,2898)
r(16,51291,5,115,2899)
w(1,51313,5,118,2950)
w(19,51314,5,118,2951)
w(0,51315,5,118,2952)
w(3,51316,5,118,2953)
w(8,51317,5,118,2954)
w(18,51318,5,118,2955)
w(3,51319,5,118,2956)
w(6,51320,5,118,2957)
w(1,51321,5,118,2958)
w(3,51322,5,118,2959)
w(1,51323,5,118,2960)
w(7,51324,5,118,2961)
w(7,51325,5,118,2962)
w(4,51326,5,118,2963)
w(7,51327,5,118,2964)
w(14,51328,5,118,2965)
w(17,51329,5,118,2966)
w(2,51330,5,118,2967)
w(12,51331,5,118,2968)
w(13,51332,5,118,2969)
w(15,51333,5,118,2970)
w(7,51334,5,118,2971)
w(1,51335,5,118,2972)
w(1,51336,5,118,2973)
w(0,51337,5,118,2974)
r(4,51326,5,119,2975)
r(6,51320,5,119,2976)
r(10,51278,5,119,2977)
r(4,51326,5,119,2978)
r(18,51318,5,119,2979)
r(0,51337,5,119,2980)
r(0,51337,5,119,2981)
r(4,51326,5,119,2982)
r(1,51336,5,119,2983)
r(5,71302,5,119,2984)
r(0,51337,5,119,2985)
r(0,51337,5,119,2986)
r(18,51318,5,119,2987)
r(0,51337,5,119,2988)
r(0,51337,5,119,2989)
r(1,51336,5,119,2990)
r(6,51320,5,119,2991)
r(0,51337,5,119,2992)
r(3,51322,5,119,2993)
r(0,51337,5,119,2994)
r(0,51337,5,119,2995)
r(1,51336,5,119,2996)
r(7,51334,5,119,2997)
r(0,51337,5,119,2998)
r(0,51337,5,119,2999)
r(2,51330,5,120,3000)
r(9,71308,5,120,3001)
r(0,51337,5,120,3002)
r(1,51336,5,120,3003)
r(0,51337,5,120,3004)
r(0,51337,5,120,3005)
r(5,71302,5,120,3006)
r(4,51326,5,120,3007)
r(0,51337,5,120,3008)
r(0,51337,5,120,3009)
r(2,51330,5,120,3010)
r(0,51337,5,120,3011)
r(0,51337,5,120,3012)
r(4,51326,5,120,3013)
r(6,51320,5,120,3014)
r(14,51328,5,120,3015)
r(0,51337,5,120,3016)
r(0,51337,5,120,3017)
r(18,51318,5,120,3018)
r(0,51337,5,120,3019)
r(0,51337,5,120,3020)
r(6,51320,5,120,3021)
r(4,51326,5,120,3022)
r(1,51336,5,120,3023)
r(4,51326,5,120,3024)
r(0,21509,5,124,3100)
r(0,21509,5,124,3101)
r(5,1557,5,124,3102)
r(0,21509,5,124,3103)
r(0,21509,5,124,3104)
r(1,1552,5,124,3105)
r(2,81512,5,124,3106)
r(0,21509,5,124,3107)
r(0,21509,5,124,3108)
r(7,91586,5,124,3109)
r(0,21509,5,124,3110)
r(0,21509,5,124,3111)
r(0,21509,5,124,3112)
r(1,1552,5,124,3113)
r(7,91586,5,124,3114)
r(15,71337,5,124,3115)
r(0,21509,5,124,3116)
r(12,91584,5,124,3117)
r(0,21509,5,124,3118)
r(9,21511,5,124,3119)
r(0,21509,5,124,3120)
r(5,1557,5,124,3121)
r(0,21509,5,124,3122)
r(6,21512,5,124,3123)
r(2,81512,5,124,3124)
r(13,91569,5,125,3125)
r(0,21509,5,125,3126)
r(1,1552,5,125,3127)
r(19,1556,5,125,3128)
r(6,21512,5,125,3129)
r(11,61492,5,125,3130)
r(0,21509,5,125,3131)
r(1,1552,5,125,3132)
r(6,21512,5,125,3133)
w(3,51373,5,125,3134)
w(0,51374,5,125,3135)
w(0,51375,5,125,3136)
w(2,51376,5,125,3137)
w(8,51377,5,125,3138)
w(1,51378,5,125,3139)
w(1,51379,5,125,3140)
w(0,51380,5,125,3141)
w(1,51381,5,125,3142)
w(0,51382,5,125,3143)
w(8,51383,5,125,3144)
w(0,51384,5,125,3145)
w(0,51385,5,125,3146)
w(5,51386,5,125,3147)
w(0,51387,5,125,3148)
w(1,51388,5,125,3149)
r(3,81584,5,131,3275)
r(0,81582,5,131,3276)
r(4,61565,5,131,3277)
r(0,81582,5,131,3278)
r(0,81582,5,131,3279)
r(8,61542,5,131,3280)
r(5,41530,5,131,3281)
r(0,81582,5,131,3282)
r(1,41531,5,131,3283)
r(0,81582,5,131,3284)
r(3,81584,5,131,3285)
w(11,51469,5,131,3286)
w(0,51470,5,131,3287)
w(4,51471,5,131,3288)
w(14,51472,5,131,3289)
w(1,51473,5,131,3290)
w(3,51474,5,131,3291)
w(11,51475,5,131,3292)
w(0,51476,5,131,3293)
w(6,51477,5,131,3294)
w(0,51478,5,131,3295)
w(1,51479,5,131,3296)
w(7,51480,5,131,3297)
w(1,51481,5,131,3298)
w(11,51482,5,131,3299)
r(1,31560,5,135,3375)
r(2,31557,5,135,3376)
r(0,31568,5,135,3377)
r(4,61627,5,135,3378)
r(1,31560,5,135,3379)
r(0,31568,5,135,3380)
r(0,31568,5,135,3381)
r(18,31569,5,135,3382)
r(9,31566,5,135,3383)
r(1,31560,5,135,3384)
r(1,31560,5,135,3385)
r(9,31566,5,135,3386)
r(18,31569,5,135,3387)
r(9,31566,5,135,3388)
r(1,31560,5,135,3389)
r(0,31568,5,135,3390)
r(0,31568,5,135,3391)
r(0,31568,5,135,3392)
r(12,11410,5,135,3393)
r(5,31561,5,135,3394)
r(0,31568,5,135,3395)
r(3,31556,5,135,3396)
r(1,31560,5,135,3397)
r(1,31560,5,135,3398)
r(0,31568,5,135,3399)
r(0,21688,5,136,3400)
r(0,21688,5,136,3401)
r(6,31565,5,136,3402)
r(15,31570,5,136,3403)
r(0,21688,5,136,3404)
r(5,21677,5,136,3405)
r(17,61634,5,136,3406)
r(0,21688,5,136,3407)
r(19,31563,5,136,3408)
r(0,21688,5,136,3409)
r(18,21679,5,136,3410)
r(2,21685,5,136,3411)
r(16,11409,5,136,3412)
r(1,21684,5,136,3413)
r(10,31562,5,136,3414)
r(11,61629,5,136,3415)
r(0,21688,5,136,3416)
r(0,21688,5,136,3417)
r(8,21651,5,136,3418)
r(0,21688,5,136,3419)
r(3,21680,5,136,3420)
r(12,21686,5,136,3421)
r(7,81629,5,136,3422)
r(4,61627,5,136,3423)
r(0,21688,5,136,3424)
r(2,41686,5,141,3525)
r(0,41688,5,141,3526)
r(0,41688,5,141,3527)
r(7,41682,5,141,3528)
r(10,31562,5,141,3529)
r(1,41675,5,141,3530)
r(1,41675,5,141,3531)
r(17,41690,5,141,3532)
r(0,41688,5,141,3533)
r(2,41686,5,141,3534)
r(14,41691,5,141,3535)
r(2,41686,5,141,3536)
r(9,21683,5,141,3537)
r(0,41688,5,141,3538)
r(0,41688,5,141,3539)
r(1,41675,5,141,3540)
r(0,41688,5,141,3541)
r(1,41675,5,141,3542)
r(8,21713,5,141,3543)
r(12,91755,5,141,3544)
r(0,41688,5,141,3545)
r(8,21713,5,141,3546)
r(0,41688,5,141,3547)
r(5,41681,5,141,3548)
r(10,31562,5,141,3549)
r(9,21683,5,142,3550)
r(12,91755,5,142,3551)
r(18,21703,5,142,3552)
r(2,41686,5,142,3553)
r(0,41688,5,142,3554)
r(1,41675,5,142,3555)
r(4,41684,5,142,3556)
r(7,41682,5,142,3557)
r(15,31570,5,142,3558)
r(2,41686,5,142,3559)
r(11,41689,5,142,3560)
r(6,41676,5,142,3561)
w(6,51569,5,142,3562)
w(0,51570,5,142,3563)
w(0,51571,5,142,3564)
w(3,51572,5,142,3565)
w(6,51573,5,142,3566)
w(10,51574,5,142,3567)
w(1,51575,5,142,3568)
w(16,51576,5,142,3569)
w(4,51577,5,142,3570)
w(1,51578,5,142,3571)
w(0,51579,5,142,3572)
w(0,51580,5,142,3573)
w(2,51581,5,142,3574)
r(0,11506,5,144,3600)
r(9,21683,5,144,3601)
r(0,11506,5,144,3602)
r(0,11506,5,144,3603)
r(0,11506,5,144,3604)
r(2,51581,5,144,3605)
r(0,11506,5,144,3606)
r(12,91755,5,144,3607)
r(1,51578,5,144,3608)
w(0,51597,5,144,3609)
w(8,51598,5,144,3610)
w(14,51599,5,144,3611)
w(18,51600,5,144,3612)
w(0,51601,5,144,3613)
w(0,51602,5,144,3614)
w(3,51603,5,144,3615)
w(8,51604,5,144,3616)
w(6,51605,5,144,3617)
w(1,51606,5,144,3618)
w(6,51607,5,144,3619)
w(1,51608,5,144,3620)
w(1,51609,5,144,3621)
w(1,51610,5,144,3622)
w(5,51611,5,144,3623)
w(9,51612,5,144,3624)
w(1,51671,5,149,3725)
w(2,51672,5,149,3726)
w(4,51673,5,149,3727)
w(5,51674,5,149,3728)
w(5,51675,5,149,3729)
w(10,51676,5,149,3730)
w(1,51677,5,149,3731)
w(10,51678,5,149,3732)
w(0,51679,5,149,3733)
w(2,51680,5,149,3734)
w(6,51681,5,149,3735)
w(15,51682,5,149,3736)
w(0,51683,5,149,3737)
w(6,51684,5,149,3738)
w(1,51685,5,149,3739)
w(1,51686,5,149,3740)
w(0,51687,5,149,3741)
w(0,51688,5,149,3742)
w(9,51689,5,149,3743)
w(3,51690,5,149,3744)
w(5,51691,5,149,3745)
w(0,51692,5,149,3746)
w(19,51693,5,149,3747)
w(9,51694,5,149,3748)
w(1,51695,5,149,3749)
r(3,11604,5,151,3775)
r(15,51682,5,151,3776)
r(0,11606,5,151,3777)
r(0,11606,5,151,3778)
r(2,51680,5,151,3779)
r(17,21831,5,151,3780)
r(15,51682,5,151,3781)
r(0,11606,5,151,3782)
r(2,51680,5,151,3783)
r(15,51682,5,151,3784)
r(1,11605,5,151,3785)
r(16,11595,5,151,3786)
r(9,51694,5,151,3787)
r(0,11606,5,151,3788)
r(9,51694,5,151,3789)
r(2,51680,5,151,3790)
r(12,21829,5,151,3791)
r(9,51694,5,151,3792)
r(1,11605,5,151,3793)
r(0,11606,5,151,3794)
r(1,11605,5,151,3795)
r(1,11605,5,151,3796)
r(12,21829,5,151,3797)
r(3,11604,5,151,3798)
r(13,31726,5,151,3799)
r(0,11639,5,153,3825)
r(0,11639,5,153,3826)
r(2,11636,5,153,3827)
r(7,11596,5,153,3828)
r(0,11639,5,153,3829)
r(4,11617,5,153,3830)
r(0,11639,5,153,3831)
r(0,11639,5,153,3832)
r(3,11604,5,153,3833)
r(3,11604,5,153,3834)
r(12,61835,5,153,3835)
r(1,11632,5,153,3836)
r(3,11604,5,153,3837)
r(10,61836,5,153,3838)
r(0,11639,5,153,3839)
r(0,11639,5,153,3840)
r(0,11639,5,153,3841)
r(9,11622,5,153,3842)
r(0,11639,5,153,3843)
r(3,11604,5,153,3844)
r(18,61834,5,153,3845)
r(6,11629,5,153,3846)
r(1,11632,5,153,3847)
r(1,11632,5,153,3848)
r(0,11639,5,153,3849)
r(1,41862,5,154,3850)
r(3,11604,5,154,3851)
r(0,41861,5,154,3852)
r(7,11596,5,154,3853)
r(0,41861,5,154,3854)
r(0,41861,5,154,3855)
r(0,41861,5,154,3856)
r(5,11615,5,154,3857)
r(9,11622,5,154,3858)
r(8,11638,5,154,3859)
r(3,11604,5,154,3860)
r(0,41861,5,154,3861)
r(3,11604,5,154,3862)
r(16,11595,5,154,3863)
r(17,11630,5,154,3864)
r(1,41862,5,154,3865)
r(2,41858,5,154,3866)
r(0,41861,5,154,3867)
r(3,11604,5,154,3868)
r(1,41862,5,154,3869)
r(10,61836,5,154,3870)
r(8,11638,5,154,3871)
r(0,41861,5,154,3872)
r(0,41861,5,154,3873)
r(2,41858,5,154,3874)
r(11,11600,5,155,3875)
r(0,71753,5,155,3876)
r(1,71756,5,155,3877)
r(2,41858,5,155,3878)
r(8,11638,5,155,3879)
r(9,11622,5,155,3880)
r(2,41858,5,155,3881)
r(13,41860,5,155,3882)
r(1,71756,5,155,3883)
r(5,71745,5,155,3884)
r(0,71753,5,155,3885)
w(4,51735,5,155,3886)
w(1,51736,5,155,3887)
w(0,51737,5,155,3888)
w(0,51738,5,155,3889)
w(4,51739,5,155,3890)
w(0,51740,5,155,3891)
w(0,51741,5,155,3892)
w(19,51742,5,155,3893)
w(10,51743,5,155,3894)
w(0,51744,5,155,3895)
w(7,51745,5,155,3896)
w(0,51746,5,155,3897)
w(1,51747,5,155,3898)
w(5,51748,5,155,3899)
r(0,51746,5,156,3900)
r(7,51745,5,156,3901)
r(15,91947,5,156,3902)
r(0,51746,5,156,3903)
r(0,51746,5,156,3904)
r(2,91943,5,156,3905)
r(7,51745,5,156,3906)
r(4,51739,5,156,3907)
r(9,91936,5,156,3908)
r(7,51745,5,156,3909)
r(7,51745,5,156,3910)
r(6,71755,5,156,3911)
r(7,51745,5,156,3912)
r(0,51746,5,156,3913)
r(9,91936,5,156,3914)
r(15,91947,5,156,3915)
r(0,51746,5,156,3916)
r(1,51747,5,156,3917)
r(1,51747,5,156,3918)
r(0,51746,5,156,3919)
r(19,51742,5,156,3920)
r(16,91942,5,156,3921)
r(0,51746,5,156,3922)
r(16,91942,5,156,3923)
r(2,91943,5,156,3924)
r(6,71755,5,158,3950)
r(10,51743,5,158,3951)
r(0,51746,5,158,3952)
r(4,51739,5,158,3953)
r(0,51746,5,158,3954)
r(0,51746,5,158,3955)
r(19,51742,5,158,3956)
r(0,51746,5,158,3957)
r(19,51742,5,158,3958)
r(0,51746,5,158,3959)
r(4,51739,5,158,3960)
r(2,91943,5,158,3961)
r(0,51746,5,158,3962)
r(12,71751,5,158,3963)
r(0,51746,5,158,3964)
r(4,51739,5,158,3965)
r(7,51745,5,158,3966)
r(0,51746,5,158,3967)
r(13,41860,5,158,3968)
r(3,11604,5,158,3969)
r(2,91943,5,158,3970)
r(1,51747,5,158,3971)
r(5,51748,5,158,3972)
r(1,51747,5,158,3973)
r(4,51739,5,158,3974)
r(0,11670,5,159,3975)
r(14,31737,5,159,3976)
r(2,11673,5,159,3977)
r(13,41860,5,159,3978)
r(0,11670,5,159,3979)
r(4,51739,5,159,3980)
r(2,11673,5,159,3981)
r(2,11673,5,159,3982)
r(2,11673,5,159,3983)
r(0,11670,5,159,3984)
r(0,11670,5,159,3985)
r(0,11670,5,159,3986)
r(12,71751,5,159,3987)
r(0,11670,5,159,3988)
r(8,11671,5,159,3989)
r(8,11671,5,159,3990)
r(0,11670,5,159,3991)
r(0,11670,5,159,3992)
r(1,51747,5,159,3993)
r(2,11673,5,159,3994)
r(0,11670,5,159,3995)
r(6,71755,5,159,3996)
r(1,51747,5,159,3997)
r(2,11673,5,159,3998)
r(15,91947,5,159,3999)
w(9,51767,5,161,4025)
w(7,51768,5,161,4026)
w(1,51769,5,161,4027)
w(13,51770,5,161,4028)
w(11,51771,5,161,4029)
w(10,51772,5,161,4030)
w(0,51773,5,161,4031)
w(4,51774,5,161,4032)
w(0,51775,5,161,4033)
w(0,51776,5,161,4034)
w(0,51777,5,161,4035)
w(2,51778,5,161,4036)
w(17,51779,5,161,4037)
w(3,51780,5,161,4038)
w(0,51781,5,161,4039)
w(0,51782,5,161,4040)
w(0,51783,5,161,4041)
w(7,51784,5,161,4042)
w(4,51785,5,161,4043)
w(12,51786,5,161,4044)
w(5,51787,5,161,4045)
w(0,51788,5,161,4046)
w(10,51789,5,161,4047)
w(1,51790,5,161,4048)
w(10,51791,5,161,4049)
r(13,51770,5,162,4050)
r(1,51790,5,162,4051)
r(14,41908,5,162,4052)
r(4,51785,5,162,4053)
r(0,51788,5,162,4054)
r(5,51787,5,162,4055)
r(0,51788,5,162,4056)
r(1,51790,5,162,4057)
r(2,51778,5,162,4058)
r(10,51791,5,162,4059)
r(1,51790,5,162,4060)
r(0,51788,5,162,4061)
r(0,51788,5,162,4062)
r(6,91988,5,162,4063)
r(0,51788,5,162,4064)
r(11,51771,5,162,4065)
r(1,51790,5,162,4066)
r(0,51788,5,162,4067)
r(16,21960,5,162,4068)
r(0,51788,5,162,4069)
r(7,51784,5,162,4070)
r(0,51788,5,162,4071)
r(2,51778,5,162,4072)
r(15,41909,5,162,4073)
r(0,51788,5,162,4074)
r(3,51780,5,163,4075)
r(8,21945,5,163,4076)
r(19,21943,5,163,4077)
r(1,51790,5,163,4078)
r(0,51788,5,163,4079)
r(2,51778,5,163,4080)
r(0,51788,5,163,4081)
r(0,51788,5,163,4082)
r(0,51788,5,163,4083)
r(5,51787,5,163,4084)
r(0,51788,5,163,4085)
r(0,51788,5,163,4086)
w(0,51792,5,163,4087)
w(8,51793,5,163,4088)
w(19,51794,5,163,4089)
w(1,51795,5,163,4090)
w(14,51796,5,163,4091)
w(9,51797,5,163,4092)
w(0,51798,5,163,4093)
w(1,51799,5,163,4094)
w(6,51800,5,163,4095)
w(14,51801,5,163,4096)
w(0,51802,5,163,4097)
w(0,51803,5,163,4098)
w(14,51804,5,163,4099)
w(16,51874,5,168,4200)
w(0,51875,5,168,4201)
w(0,51876,5,168,4202)
w(0,51877,5,168,4203)
w(1,51878,5,168,4204)
w(9,51879,5,168,4205)
w(11,51880,5,168,4206)
w(15,51881,5,168,4207)
w(1,51882,5,168,4208)
w(4,51883,5,168,4209)
w(14,51884,5,168,4210)
w(11,51885,5,168,4211)
w(4,51886,5,168,4212)
w(3,51887,5,168,4213)
w(12,51888,5,168,4214)
w(0,51889,5,168,4215)
w(0,51890,5,168,4216)
w(0,51891,5,168,4217)
w(17,51892,5,168,4218)
w(11,51893,5,168,4219)
w(4,51894,5,168,4220)
w(0,51895,5,168,4221)
w(7,51896,5,168,4222)
w(0,51897,5,168,4223)
w(16,51898,5,168,4224)
r(0,51897,5,169,4225)
r(1,51882,5,169,4226)
r(8,11763,5,169,4227)
r(2,92045,5,169,4228)
r(12,51888,5,169,4229)
r(4,51894,5,169,4230)
r(0,51897,5,169,4231)
r(3,51887,5,169,4232)
r(8,11763,5,169,4233)
r(4,51894,5,169,4234)
r(5,31884,5,169,4235)
r(0,51897,5,169,4236)
r(4,51894,5,169,4237)
r(15,51881,5,169,4238)
r(1,51882,5,169,4239)
r(0,51897,5,169,4240)
r(0,51897,5,169,4241)
r(0,51897,5,169,4242)
r(17,51892,5,169,4243)
r(9,51879,5,169,4244)
r(0,51897,5,169,4245)
r(10,11750,5,169,4246)
r(14,51884,5,169,4247)
r(0,51897,5,169,4248)
r(0,51897,5,169,4249)
r(0,81990,5,172,4300)
r(11,2025,5,172,4301)
r(4,2021,5,172,4302)
r(4,2021,5,172,4303)
r(6,81984,5,172,4304)
r(1,81992,5,172,4305)
r(1,81992,5,172,4306)
r(14,2018,5,172,4307)
r(0,81990,5,172,4308)
r(10,81991,5,172,4309)
r(0,81990,5,172,4310)
r(0,81990,5,172,4311)
r(1,81992,5,172,4312)
r(0,81990,5,172,4313)
r(4,2021,5,172,4314)
r(0,81990,5,172,4315)
r(1,81992,5,172,4316)
r(3,81983,5,172,4317)
r(1,81992,5,172,4318)
r(19,21999,5,172,4319)
r(1,81992,5,172,4320)
r(5,2024,5,172,4321)
r(2,81986,5,172,4322)
r(12,92111,5,172,4323)
r(1,81992,5,172,4324)
r(1,2037,5,173,4325)
r(2,81986,5,173,4326)
r(9,51879,5,173,4327)
r(1,2037,5,173,4328)
r(7,2039,5,173,4329)
r(0,2035,5,173,4330)
r(2,81986,5,173,4331)
r(13,31875,5,173,4332)
r(5,2038,5,173,4333)
r(19,2032,5,173,4334)
r(15,51881,5,173,4335)
r(11,2025,5,173,4336)
r(5,2038,5,173,4337)
r(14,2034,5,173,4338)
r(0,2035,5,173,4339)
r(3,2033,5,173,4340)
r(3,2033,5,173,4341)
r(1,2037,5,173,4342)
r(15,51881,5,173,4343)
r(7,2039,5,173,4344)
r(14,2034,5,173,4345)
r(1,2037,5,173,4346)
r(1,2037,5,173,4347)
r(1,2037,5,173,4348)
r(0,2035,5,173,4349)
r(1,2037,5,174,4350)
r(17,51892,5,174,4351)
r(12,92111,5,174,4352)
r(18,91992,5,174,4353)
r(0,2035,5,174,4354)
r(10,81991,5,174,4355)
r(0,2035,5,174,4356)
r(11,2025,5,174,4357)
r(11,2025,5,174,4358)
r(4,2021,5,174,4359)
r(7,2039,5,174,4360)
r(2,81986,5,174,4361)
r(11,2025,5,174,4362)
r(5,2038,5,174,4363)
r(2,81986,5,174,4364)
r(8,2019,5,174,4365)
r(0,2035,5,174,4366)
r(0,2035,5,174,4367)
r(0,2035,5,174,4368)
r(6,81984,5,174,4369)
r(1,2037,5,174,4370)
r(9,51879,5,174,4371)
r(16,2020,5,174,4372)
r(0,2035,5,174,4373)
r(12,92111,5,174,4374)
r(9,51879,5,178,4450)
r(4,31959,5,178,4451)
r(2,31958,5,178,4452)
r(2,31958,5,178,4453)
r(0,31963,5,178,4454)
r(6,82026,5,178,4455)
r(1,31952,5,178,4456)
r(2,31958,5,178,4457)
r(0,31963,5,178,4458)
r(0,31963,5,178,4459)
r(0,31963,5,178,4460)
r(8,2060,5,178,4461)
r(3,31950,5,178,4462)
r(1,31952,5,178,4463)
r(0,31963,5,178,4464)
r(5,31961,5,178,4465)
r(15,2062,5,178,4466)
w(0,51991,5,178,4467)
w(1,51992,5,178,4468)
w(0,51993,5,178,4469)
w(11,51994,5,178,4470)
w(0,51995,5,178,4471)
w(3,51996,5,178,4472)
w(1,51997,5,178,4473)
w(2,51998,5,178,4474)
r(3,82108,5,181,4525)
r(8,82092,5,181,4526)
r(0,82113,5,181,4527)
r(0,82113,5,181,4528)
r(0,82113,5,181,4529)
r(18,62067,5,181,4530)
r(0,82113,5,181,4531)
r(0,82113,5,181,4532)
r(7,82112,5,181,4533)
r(2,62101,5,181,4534)
r(0,82113,5,181,4535)
r(1,82109,5,181,4536)
r(1,82109,5,181,4537)
r(0,82113,5,181,4538)
r(7,82112,5,181,4539)
r(0,82113,5,181,4540)
r(16,32011,5,181,4541)
r(1,82109,5,181,4542)
r(0,82113,5,181,4543)
r(0,82113,5,181,4544)
r(2,62101,5,181,4545)
r(0,82113,5,181,4546)
r(1,82109,5,181,4547)
r(10,62102,5,181,4548)
r(1,82109,5,181,4549)
r(0,22185,5,183,4575)
r(1,22179,5,183,4576)
r(9,62103,5,183,4577)
r(0,22185,5,183,4578)
r(8,62118,5,183,4579)
r(3,22182,5,183,4580)
r(10,62112,5,183,4581)
r(0,22185,5,183,4582)
r(0,22185,5,183,4583)
r(1,22179,5,183,4584)
r(1,22179,5,183,4585)
r(7,82112,5,183,4586)
r(0,22185,5,183,4587)
r(3,22182,5,183,4588)
r(1,22179,5,183,4589)
r(0,22185,5,183,4590)
r(1,22179,5,183,4591)
r(4,22178,5,183,4592)
r(9,62103,5,183,4593)
r(0,22185,5,183,4594)
r(17,82127,5,183,4595)
r(1,22179,5,183,4596)
r(0,22185,5,183,4597)
r(6,62123,5,183,4598)
r(9,62103,5,183,4599)
r(0,2215,5,188,4700)
r(0,2215,5,188,4701)
r(14,92205,5,188,4702)
r(0,2215,5,188,4703)
r(7,72063,5,188,4704)
r(10,62112,5,188,4705)
r(1,2216,5,188,4706)
r(16,72085,5,188,4707)
r(2,2203,5,188,4708)
w(0,52093,5,188,4709)
w(12,52094,5,188,4710)
w(4,52095,5,188,4711)
w(9,52096,5,188,4712)
w(1,52097,5,188,4713)
w(0,52098,5,188,4714)
w(2,52099,5,188,4715)
w(0,52100,5,188,4716)
w(7,52101,5,188,4717)
w(6,52102,5,188,4718)
w(3,52103,5,188,4719)
w(0,52104,5,188,4720)
w(5,52105,5,188,4721)
w(1,52106,5,188,4722)
w(2,52107,5,188,4723)
w(15,52108,5,188,4724)
r(1,32207,5,193,4825)
r(1,32207,5,193,4826)
r(0,32212,5,193,4827)
r(0,32212,5,193,4828)
r(2,32193,5,193,4829)
r(2,32193,5,193,4830)
r(9,72137,5,193,4831)
r(4,32185,5,193,4832)
r(14,62208,5,193,4833)
r(0,32212,5,193,4834)
r(2,32193,5,193,4835)
r(2,32193,5,193,4836)
r(0,32212,5,193,4837)
r(2,32193,5,193,4838)
r(0,32212,5,193,4839)
r(7,32204,5,193,4840)
r(9,72137,5,193,4841)
r(4,32185,5,193,4842)
r(13,72145,5,193,4843)
r(3,32210,5,193,4844)
r(1,32207,5,193,4845)
r(6,32205,5,193,4846)
r(1,32207,5,193,4847)
r(6,32205,5,193,4848)
r(1,32207,5,193,4849)
r(1,12074,5,196,4900)
r(5,12069,5,196,4901)
r(4,32217,5,196,4902)
r(8,12078,5,196,4903)
r(10,42352,5,196,4904)
r(0,12075,5,196,4905)
r(10,42352,5,196,4906)
r(2,42354,5,196,4907)
r(0,12075,5,196,4908)
r(1,12074,5,196,4909)
r(2,42354,5,196,4910)
r(2,42354,5,196,4911)
r(4,32217,5,196,4912)
r(0,12075,5,196,4913)
w(6,52214,5,196,4914)
w(12,52215,5,196,4915)
w(3,52216,5,196,4916)
w(17,52217,5,196,4917)
w(10,52218,5,196,4918)
w(1,52219,5,196,4919)
w(8,52220,5,196,4920)
w(1,52221,5,196,4921)
w(10,52222,5,196,4922)
w(8,52223,5,196,4923)
w(17,52224,5,196,4924)
r(6,82340,5,198,4950)
r(2,82342,5,198,4951)
r(0,62289,5,198,4952)
r(13,82344,5,198,4953)
r(0,62289,5,198,4954)
r(0,62289,5,198,4955)
r(0,62289,5,198,4956)
r(8,62280,5,198,4957)
r(12,62290,5,198,4958)
r(2,82342,5,198,4959)
r(4,82341,5,198,4960)
r(0,62289,5,198,4961)
r(5,22387,5,198,4962)
r(0,62289,5,198,4963)
r(9,62284,5,198,4964)
r(7,62278,5,198,4965)
r(0,62289,5,198,4966)
w(4,52240,5,198,4967)
w(4,52241,5,198,4968)
w(4,52242,5,198,4969)
w(1,52243,5,198,4970)
w(3,52244,5,198,4971)
w(11,52245,5,198,4972)
w(0,52246,5,198,4973)
w(2,52247,5,198,4974)
r(1,92597,5,206,5150)
r(0,92594,5,206,5151)
r(0,92594,5,206,5152)
r(16,92595,5,206,5153)
r(7,92585,5,206,5154)
r(3,92599,5,206,5155)
r(5,92600,5,206,5156)
r(15,92591,5,206,5157)
r(17,62398,5,206,5158)
r(4,92582,5,206,5159)
r(6,92593,5,206,5160)
r(9,92588,5,206,5161)
r(9,92588,5,206,5162)
r(6,92593,5,206,5163)
r(18,32365,5,206,5164)
r(0,92594,5,206,5165)
r(1,92597,5,206,5166)
r(12,92587,5,206,5167)
r(3,92599,5,206,5168)
r(0,92594,5,206,5169)
r(10,22578,5,206,5170)
r(11,92589,5,206,5171)
r(8,92554,5,206,5172)
r(3,92599,5,206,5173)
r(1,92597,5,206,5174)
r(5,32483,5,212,5300)
r(7,32446,5,212,5301)
r(2,22636,5,212,5302)
r(1,32481,5,212,5303)
r(0,32478,5,212,5304)
r(16,32450,5,212,5305)
r(3,22640,5,212,5306)
r(3,22640,5,212,5307)
r(0,32478,5,212,5308)
r(0,32478,5,212,5309)
r(0,32478,5,212,5310)
r(18,32474,5,212,5311)
r(15,42571,5,212,5312)
r(9,32477,5,212,5313)
r(0,32478,5,212,5314)
r(1,32481,5,212,5315)
w(0,52437,5,212,5316)
w(0,52438,5,212,5317)
w(0,52439,5,212,5318)
w(1,52440,5,212,5319)
w(0,52441,5,212,5320)
w(18,52442,5,212,5321)
w(0,52443,5,212,5322)
w(16,52444,5,212,5323)
w(1,52445,5,212,5324)
r(2,2629,5,217,5425)
r(6,2606,5,217,5426)
r(2,2629,5,217,5427)
r(0,2633,5,217,5428)
r(3,2624,5,217,5429)
r(9,2612,5,217,5430)
r(3,2624,5,217,5431)
r(0,2633,5,217,5432)
r(0,2633,5,217,5433)
r(8,2618,5,217,5434)
r(1,2634,5,217,5435)
r(2,2629,5,217,5436)
r(7,2628,5,217,5437)
w(0,52509,5,217,5438)
w(13,52510,5,217,5439)
w(0,52511,5,217,5440)
w(19,52512,5,217,5441)
w(13,52513,5,217,5442)
w(0,52514,5,217,5443)
w(0,52515,5,217,5444)
w(1,52516,5,217,5445)
w(9,52517,5,217,5446)
w(0,52518,5,217,5447)
w(0,52519,5,217,5448)
w(2,52520,5,217,5449)
w(5,52551,5,220,5500)
w(14,52552,5,220,5501)
w(10,52553,5,220,5502)
w(0,52554,5,220,5503)
w(12,52555,5,220,5504)
w(7,52556,5,220,5505)
w(11,52557,5,220,5506)
w(4,52558,5,220,5507)
w(3,52559,5,220,5508)
w(0,52560,5,220,5509)
w(16,52561,5,220,5510)
w(0,52562,5,220,5511)
w(0,52563,5,220,5512)
w(4,52564,5,220,5513)
w(0,52565,5,220,5514)
w(1,52566,5,220,5515)
w(3,52567,5,220,5516)
w(0,52568,5,220,5517)
w(3,52569,5,220,5518)
w(4,52570,5,220,5519)
w(0,52571,5,220,5520)
w(1,52572,5,220,5521)
w(7,52573,5,220,5522)
w(0,52574,5,220,5523)
w(0,52575,5,220,5524)
w(0,52576,5,221,5525)
w(1,52577,5,221,5526)
w(1,52578,5,221,5527)
w(18,52579,5,221,5528)
w(0,52580,5,221,5529)
w(1,52581,5,221,5530)
w(2,52582,5,221,5531)
w(11,52583,5,221,5532)
w(0,52584,5,221,5533)
w(3,52585,5,221,5534)
w(6,52586,5,221,5535)
w(1,52587,5,221,5536)
w(3,52588,5,221,5537)
w(11,52589,5,221,5538)
w(0,52590,5,221,5539)
w(6,52591,5,221,5540)
w(2,52592,5,221,5541)
w(9,52593,5,221,5542)
w(5,52594,5,221,5543)
w(2,52595,5,221,5544)
w(6,52596,5,221,5545)
w(0,52597,5,221,5546)
w(11,52598,5,221,5547)
w(10,52599,5,221,5548)
w(15,52600,5,221,5549)
r(6,52596,5,224,5600)
r(11,42780,5,224,5601)
r(0,42783,5,224,5602)
r(0,42783,5,224,5603)
r(2,42774,5,224,5604)
r(0,42783,5,224,5605)
r(19,42779,5,224,5606)
r(5,42781,5,224,5607)
r(6,52596,5,224,5608)
r(1,42772,5,224,5609)
r(1,42772,5,224,5610)
r(0,42783,5,224,5611)
r(1,42772,5,224,5612)
r(5,42781,5,224,5613)
r(9,42763,5,224,5614)
r(0,42783,5,224,5615)
r(0,42783,5,224,5616)
r(4,52570,5,224,5617)
r(6,52596,5,224,5618)
r(3,52588,5,224,5619)
r(1,42772,5,224,5620)
r(1,42772,5,224,5621)
r(17,42752,5,224,5622)
r(0,42783,5,224,5623)
r(0,42783,5,224,5624)
w(0,52721,5,229,5725)
w(1,52722,5,229,5726)
w(6,52723,5,229,5727)
w(2,52724,5,229,5728)
w(0,52725,5,229,5729)
w(17,52726,5,229,5730)
w(1,52727,5,229,5731)
w(4,52728,5,229,5732)
w(7,52729,5,229,5733)
w(17,52730,5,229,5734)
w(4,52731,5,229,5735)
w(1,52732,5,229,5736)
w(0,52733,5,229,5737)
w(3,52734,5,229,5738)
w(8,52735,5,229,5739)
w(0,52736,5,229,5740)
w(0,52737,5,229,5741)
w(6,52738,5,229,5742)
w(2,52739,5,229,5743)
w(2,52740,5,229,5744)
w(8,52741,5,229,5745)
w(13,52742,5,229,5746)
w(0,52743,5,229,5747)
w(7,52744,5,229,5748)
w(4,52745,5,229,5749)
r(1,32799,5,232,5800)
r(9,72661,5,232,5801)
r(1,32799,5,232,5802)
r(2,32791,5,232,5803)
r(18,22828,5,232,5804)
r(10,72654,5,232,5805)
r(0,32797,5,232,5806)
r(6,72655,5,232,5807)
r(10,72654,5,232,5808)
r(5,92900,5,232,5809)
r(13,72658,5,232,5810)
r(0,32797,5,232,5811)
r(0,32797,5,232,5812)
r(1,32799,5,232,5813)
r(11,82775,5,232,5814)
r(0,32797,5,232,5815)
r(3,32800,5,232,5816)
r(2,32791,5,232,5817)
r(12,32789,5,232,5818)
r(1,32799,5,232,5819)
r(0,32797,5,232,5820)
r(4,72659,5,232,5821)
r(2,32791,5,232,5822)
r(5,92900,5,232,5823)
r(0,32797,5,232,5824)
r(9,72661,5,233,5825)
r(0,32797,5,233,5826)
r(0,32797,5,233,5827)
r(0,32797,5,233,5828)
r(4,72659,5,233,5829)
r(1,32799,5,233,5830)
r(1,32799,5,233,5831)
r(17,52730,5,233,5832)
r(11,82775,5,233,5833)
r(1,32799,5,233,5834)
r(3,32800,5,233,5835)
r(16,72667,5,233,5836)
r(0,32797,5,233,5837)
r(19,72588,5,233,5838)
r(9,72661,5,233,5839)
r(3,32800,5,233,5840)
r(4,72659,5,233,5841)
r(18,22828,5,233,5842)
r(1,32799,5,233,5843)
r(1,32799,5,233,5844)
r(3,32800,5,233,5845)
r(4,72659,5,233,5846)
r(2,32791,5,233,5847)
r(7,32795,5,233,5848)
r(3,32800,5,233,5849)
r(5,62741,5,238,5950)
r(0,32856,5,238,5951)
r(1,32822,5,238,5952)
r(0,32856,5,238,5953)
r(12,32844,5,238,5954)
r(0,32856,5,238,5955)
r(2,32855,5,238,5956)
r(5,62741,5,238,5957)
r(0,32856,5,238,5958)
r(4,32846,5,238,5959)
r(2,32855,5,238,5960)
r(1,32822,5,238,5961)
r(11,32854,5,238,5962)
r(4,32846,5,238,5963)
w(1,52828,5,238,5964)
w(0,52829,5,238,5965)
w(4,52830,5,238,5966)
w(5,52831,5,238,5967)
w(4,52832,5,238,5968)
w(0,52833,5,238,5969)
w(1,52834,5,238,5970)
w(1,52835,5,238,5971)
w(0,52836,5,238,5972)
w(0,52837,5,238,5973)
w(9,52838,5,238,5974)
r(1,62790,5,240,6000)
r(1,62790,5,240,6001)
r(4,62792,5,240,6002)
r(16,12615,5,240,6003)
r(0,62787,5,240,6004)
r(0,62787,5,240,6005)
r(18,82851,5,240,6006)
r(18,82851,5,240,6007)
r(7,32818,5,240,6008)
r(2,62793,5,240,6009)
r(1,62790,5,240,6010)
r(5,82850,5,240,6011)
r(0,62787,5,240,6012)
r(0,62787,5,240,6013)
r(0,62787,5,240,6014)
r(3,62791,5,240,6015)
r(0,62787,5,240,6016)
r(7,32818,5,240,6017)
r(4,62792,5,240,6018)
r(0,62787,5,240,6019)
r(0,62787,5,240,6020)
r(3,62791,5,240,6021)
r(10,62743,5,240,6022)
r(0,62787,5,240,6023)
r(19,82845,5,240,6024)
r(0,62807,5,241,6025)
r(18,82851,5,241,6026)
r(13,62798,5,241,6027)
r(1,62803,5,241,6028)
r(1,62803,5,241,6029)
r(5,62802,5,241,6030)
r(18,82851,5,241,6031)
r(9,82849,5,241,6032)
r(1,62803,5,241,6033)
r(4,62792,5,241,6034)
r(2,62806,5,241,6035)
r(8,62776,5,241,6036)
r(3,62791,5,241,6037)
r(10,62743,5,241,6038)
r(1,62803,5,241,6039)
r(2,62806,5,241,6040)
r(1,62803,5,241,6041)
r(16,12615,5,241,6042)
r(17,52730,5,241,6043)
r(7,32818,5,241,6044)
r(12,32844,5,241,6045)
r(0,62807,5,241,6046)
r(9,82849,5,241,6047)
r(1,62803,5,241,6048)
r(8,62776,5,241,6049)
