r(1,20019,7,1,25)
r(4,20022,7,1,26)
r(7,20020,7,1,27)
r(1,20019,7,1,28)
r(8,20012,7,1,29)
r(8,20012,7,1,30)
r(6,80018,7,1,31)
r(5,80032,7,1,32)
r(0,20023,7,1,33)
r(15,0,7,1,34)
r(1,20019,7,1,35)
r(0,20023,7,1,36)
r(7,20020,7,1,37)
r(0,20023,7,1,38)
r(1,20019,7,1,39)
r(6,80018,7,1,40)
r(0,20023,7,1,41)
r(1,20019,7,1,42)
r(7,20020,7,1,43)
r(2,20016,7,1,44)
r(2,20016,7,1,45)
r(9,90005,7,1,46)
r(2,20016,7,1,47)
r(6,80018,7,1,48)
r(6,80018,7,1,49)
w(6,70135,7,7,175)
w(14,70136,7,7,176)
w(0,70137,7,7,177)
w(8,70138,7,7,178)
w(0,70139,7,7,179)
w(4,70140,7,7,180)
w(1,70141,7,7,181)
w(16,70142,7,7,182)
w(0,70143,7,7,183)
w(4,70144,7,7,184)
w(12,70145,7,7,185)
w(1,70146,7,7,186)
w(9,70147,7,7,187)
w(1,70148,7,7,188)
w(0,70149,7,7,189)
w(0,70150,7,7,190)
w(5,70151,7,7,191)
w(1,70152,7,7,192)
w(0,70153,7,7,193)
w(9,70154,7,7,194)
w(0,70155,7,7,195)
w(8,70156,7,7,196)
w(10,70157,7,7,197)
w(8,70158,7,7,198)
w(12,70159,7,7,199)
r(5,70151,7,9,225)
r(1,70152,7,9,226)
r(15,40142,7,9,227)
r(8,70158,7,9,228)
r(13,40139,7,9,229)
r(11,20109,7,9,230)
r(3,40141,7,9,231)
r(1,70152,7,9,232)
r(4,70144,7,9,233)
r(4,70144,7,9,234)
r(8,70158,7,9,235)
r(1,70152,7,9,236)
r(3,40141,7,9,237)
r(1,70152,7,9,238)
r(4,70144,7,9,239)
r(3,40141,7,9,240)
r(4,70144,7,9,241)
r(6,70135,7,9,242)
r(12,70159,7,9,243)
r(0,70155,7,9,244)
r(0,70155,7,9,245)
r(19,90009,7,9,246)
r(2,40149,7,9,247)
r(9,70154,7,9,248)
r(17,40081,7,9,249)
r(0,30156,7,10,250)
r(1,70152,7,10,251)
r(18,80037,7,10,252)
r(1,70152,7,10,253)
r(1,70152,7,10,254)
r(12,30155,7,10,255)
r(6,70135,7,10,256)
r(1,70152,7,10,257)
r(0,30156,7,10,258)
r(18,80037,7,10,259)
r(17,40081,7,10,260)
r(10,70157,7,10,261)
r(0,30156,7,10,262)
r(6,70135,7,10,263)
r(13,40139,7,10,264)
r(1,70152,7,10,265)
r(0,30156,7,10,266)
r(2,30157,7,10,267)
r(0,30156,7,10,268)
r(9,30154,7,10,269)
r(0,30156,7,10,270)
r(11,20109,7,10,271)
r(0,30156,7,10,272)
r(2,30157,7,10,273)
r(0,30156,7,10,274)
r(6,20164,7,12,300)
r(5,20175,7,12,301)
r(0,40194,7,12,302)
r(12,40187,7,12,303)
r(3,20168,7,12,304)
r(9,40189,7,12,305)
r(13,40139,7,12,306)
r(5,20175,7,12,307)
r(0,40194,7,12,308)
r(0,40194,7,12,309)
r(1,40191,7,12,310)
r(2,20170,7,12,311)
w(18,70184,7,12,312)
w(0,70185,7,12,313)
w(0,70186,7,12,314)
w(3,70187,7,12,315)
w(6,70188,7,12,316)
w(11,70189,7,12,317)
w(12,70190,7,12,318)
w(1,70191,7,12,319)
w(0,70192,7,12,320)
w(2,70193,7,12,321)
w(0,70194,7,12,322)
w(0,70195,7,12,323)
w(8,70196,7,12,324)
r(16,60152,7,14,350)
r(18,70184,7,14,351)
r(18,70184,7,14,352)
r(7,10178,7,14,353)
r(0,10197,7,14,354)
r(3,10191,7,14,355)
r(0,10197,7,14,356)
r(3,10191,7,14,357)
r(0,10197,7,14,358)
r(0,10197,7,14,359)
r(2,10184,7,14,360)
r(15,10187,7,14,361)
r(17,40081,7,14,362)
r(4,60146,7,14,363)
r(19,50170,7,14,364)
r(16,60152,7,14,365)
w(0,70212,7,14,366)
w(1,70213,7,14,367)
w(0,70214,7,14,368)
w(18,70215,7,14,369)
w(17,70216,7,14,370)
w(5,70217,7,14,371)
w(19,70218,7,14,372)
w(0,70219,7,14,373)
w(2,70220,7,14,374)
r(1,60212,7,16,400)
r(18,70215,7,16,401)
r(1,60212,7,16,402)
r(0,60217,7,16,403)
r(2,60209,7,16,404)
r(19,70218,7,16,405)
r(3,60207,7,16,406)
r(0,60217,7,16,407)
r(0,60217,7,16,408)
r(5,70217,7,16,409)
r(2,60209,7,16,410)
r(0,60217,7,16,411)
r(1,60212,7,16,412)
r(4,60208,7,16,413)
r(1,60212,7,16,414)
r(0,60217,7,16,415)
r(11,60215,7,16,416)
r(12,10190,7,16,417)
r(8,246,7,16,418)
r(0,60217,7,16,419)
r(6,60211,7,16,420)
r(2,60209,7,16,421)
r(1,60212,7,16,422)
r(0,60217,7,16,423)
r(11,60215,7,16,424)
r(0,90280,7,20,500)
r(0,90280,7,20,501)
r(0,90280,7,20,502)
r(0,90280,7,20,503)
r(4,90247,7,20,504)
r(7,10265,7,20,505)
r(1,90273,7,20,506)
r(2,90279,7,20,507)
r(15,90242,7,20,508)
r(7,10265,7,20,509)
r(1,90273,7,20,510)
r(11,90266,7,20,511)
w(4,70296,7,20,512)
w(0,70297,7,20,513)
w(0,70298,7,20,514)
w(16,70299,7,20,515)
w(2,70300,7,20,516)
w(11,70301,7,20,517)
w(3,70302,7,20,518)
w(2,70303,7,20,519)
w(6,70304,7,20,520)
w(3,70305,7,20,521)
w(0,70306,7,20,522)
w(9,70307,7,20,523)
w(0,70308,7,20,524)
r(17,30230,7,22,550)
r(1,90319,7,22,551)
r(16,50284,7,22,552)
r(0,90333,7,22,553)
r(9,70307,7,22,554)
r(8,90326,7,22,555)
r(5,90329,7,22,556)
r(6,90321,7,22,557)
r(6,90321,7,22,558)
r(0,90333,7,22,559)
r(4,90318,7,22,560)
r(1,90319,7,22,561)
r(0,90333,7,22,562)
r(0,90333,7,22,563)
r(0,90333,7,22,564)
r(6,90321,7,22,565)
r(1,90319,7,22,566)
r(0,90333,7,22,567)
r(4,90318,7,22,568)
r(0,90333,7,22,569)
r(0,90333,7,22,570)
r(3,90320,7,22,571)
r(4,90318,7,22,572)
r(6,90321,7,22,573)
r(1,90319,7,22,574)
r(5,50308,7,23,575)
r(6,50310,7,23,576)
r(1,90319,7,23,577)
r(4,90318,7,23,578)
r(2,90323,7,23,579)
r(2,90323,7,23,580)
r(14,90315,7,23,581)
r(14,90315,7,23,582)
r(1,90319,7,23,583)
r(0,50316,7,23,584)
r(8,90326,7,23,585)
r(0,50316,7,23,586)
r(0,50316,7,23,587)
r(3,50304,7,23,588)
r(3,50304,7,23,589)
r(2,90323,7,23,590)
r(2,90323,7,23,591)
r(3,50304,7,23,592)
r(7,90331,7,23,593)
r(3,50304,7,23,594)
r(1,90319,7,23,595)
r(1,90319,7,23,596)
r(0,50316,7,23,597)
r(0,50316,7,23,598)
r(1,90319,7,23,599)
r(3,90425,7,29,725)
r(8,467,7,29,726)
r(8,467,7,29,727)
r(0,90426,7,29,728)
r(14,80382,7,29,729)
r(0,90426,7,29,730)
r(9,90427,7,29,731)
r(3,90425,7,29,732)
r(5,90416,7,29,733)
r(0,90426,7,29,734)
r(0,90426,7,29,735)
r(7,90421,7,29,736)
r(8,467,7,29,737)
r(0,90426,7,29,738)
r(0,90426,7,29,739)
r(0,90426,7,29,740)
r(0,90426,7,29,741)
r(12,80389,7,29,742)
r(0,90426,7,29,743)
r(0,90426,7,29,744)
r(1,90422,7,29,745)
r(3,90425,7,29,746)
r(10,20430,7,29,747)
r(8,467,7,29,748)
r(1,90422,7,29,749)
w(0,70427,7,32,800)
w(0,70428,7,32,801)
w(2,70429,7,32,802)
w(0,70430,7,32,803)
w(0,70431,7,32,804)
w(1,70432,7,32,805)
w(3,70433,7,32,806)
w(2,70434,7,32,807)
w(0,70435,7,32,808)
w(0,70436,7,32,809)
w(1,70437,7,32,810)
w(3,70438,7,32,811)
w(0,70439,7,32,812)
w(0,70440,7,32,813)
w(0,70441,7,32,814)
w(0,70442,7,32,815)
w(1,70443,7,32,816)
w(2,70444,7,32,817)
w(0,70445,7,32,818)
w(9,70446,7,32,819)
w(0,70447,7,32,820)
w(2,70448,7,32,821)
w(0,70449,7,32,822)
w(0,70450,7,32,823)
w(3,70451,7,32,824)
r(7,60415,7,34,850)
r(3,70451,7,34,851)
r(0,80483,7,34,852)
r(5,80479,7,34,853)
r(2,80480,7,34,854)
r(15,20464,7,34,855)
r(4,80486,7,34,856)
r(0,80483,7,34,857)
r(1,80488,7,34,858)
r(1,80488,7,34,859)
r(2,80480,7,34,860)
r(0,80483,7,34,861)
r(3,70451,7,34,862)
r(8,90467,7,34,863)
r(8,90467,7,34,864)
r(8,90467,7,34,865)
r(3,70451,7,34,866)
r(2,80480,7,34,867)
r(0,80483,7,34,868)
r(2,80480,7,34,869)
r(0,80483,7,34,870)
r(4,80486,7,34,871)
r(0,80483,7,34,872)
r(0,80483,7,34,873)
r(3,70451,7,34,874)
w(2,70478,7,36,900)
w(2,70479,7,36,901)
w(1,70480,7,36,902)
w(1,70481,7,36,903)
w(2,70482,7,36,904)
w(3,70483,7,36,905)
w(1,70484,7,36,906)
w(14,70485,7,36,907)
w(8,70486,7,36,908)
w(19,70487,7,36,909)
w(0,70488,7,36,910)
w(0,70489,7,36,911)
w(9,70490,7,36,912)
w(1,70491,7,36,913)
w(8,70492,7,36,914)
w(4,70493,7,36,915)
w(0,70494,7,36,916)
w(1,70495,7,36,917)
w(15,70496,7,36,918)
w(0,70497,7,36,919)
w(3,70498,7,36,920)
w(19,70499,7,36,921)
w(5,70500,7,36,922)
w(15,70501,7,36,923)
w(19,70502,7,36,924)
r(4,90648,7,41,1025)
r(18,80607,7,41,1026)
r(0,90651,7,41,1027)
r(1,90647,7,41,1028)
r(11,40559,7,41,1029)
r(0,90651,7,41,1030)
r(7,80594,7,41,1031)
r(9,80608,7,41,1032)
r(10,90646,7,41,1033)
r(4,90648,7,41,1034)
r(17,40554,7,41,1035)
r(1,90647,7,41,1036)
r(3,40556,7,41,1037)
r(15,90650,7,41,1038)
r(0,90651,7,41,1039)
r(0,90651,7,41,1040)
w(5,70590,7,41,1041)
w(9,70591,7,41,1042)
w(10,70592,7,41,1043)
w(0,70593,7,41,1044)
w(1,70594,7,41,1045)
w(0,70595,7,41,1046)
w(2,70596,7,41,1047)
w(1,70597,7,41,1048)
w(0,70598,7,41,1049)
r(3,654,7,43,1075)
r(3,654,7,43,1076)
r(0,70598,7,43,1077)
r(3,654,7,43,1078)
r(2,70596,7,43,1079)
r(0,70598,7,43,1080)
r(10,70592,7,43,1081)
r(1,70597,7,43,1082)
r(1,70597,7,43,1083)
r(0,70598,7,43,1084)
r(5,70590,7,43,1085)
r(17,30585,7,43,1086)
r(0,70598,7,43,1087)
r(1,70597,7,43,1088)
r(7,662,7,43,1089)
w(1,70611,7,43,1090)
w(0,70612,7,43,1091)
w(7,70613,7,43,1092)
w(4,70614,7,43,1093)
w(6,70615,7,43,1094)
w(9,70616,7,43,1095)
w(19,70617,7,43,1096)
w(1,70618,7,43,1097)
w(11,70619,7,43,1098)
w(11,70620,7,43,1099)
r(1,70618,7,44,1100)
r(0,70612,7,44,1101)
r(3,654,7,44,1102)
r(3,654,7,44,1103)
r(14,80601,7,44,1104)
r(5,70590,7,44,1105)
r(2,70596,7,44,1106)
r(1,70618,7,44,1107)
r(0,70612,7,44,1108)
r(7,70613,7,44,1109)
r(4,70614,7,44,1110)
r(9,70616,7,44,1111)
r(17,30585,7,44,1112)
r(0,70612,7,44,1113)
r(1,70618,7,44,1114)
r(0,70612,7,44,1115)
r(2,70596,7,44,1116)
r(12,60496,7,44,1117)
r(4,70614,7,44,1118)
r(15,90650,7,44,1119)
r(0,70612,7,44,1120)
r(0,70612,7,44,1121)
r(0,70612,7,44,1122)
r(2,70596,7,44,1123)
r(5,70590,7,44,1124)
r(18,80792,7,53,1325)
r(19,90789,7,53,1326)
r(9,80767,7,53,1327)
r(0,80795,7,53,1328)
r(2,90792,7,53,1329)
r(0,80795,7,53,1330)
r(19,90789,7,53,1331)
r(17,80779,7,53,1332)
r(7,80789,7,53,1333)
r(8,80777,7,53,1334)
r(0,80795,7,53,1335)
r(2,90792,7,53,1336)
r(0,80795,7,53,1337)
w(7,70733,7,53,1338)
w(4,70734,7,53,1339)
w(0,70735,7,53,1340)
w(0,70736,7,53,1341)
w(14,70737,7,53,1342)
w(4,70738,7,53,1343)
w(9,70739,7,53,1344)
w(3,70740,7,53,1345)
w(11,70741,7,53,1346)
w(13,70742,7,53,1347)
w(12,70743,7,53,1348)
w(7,70744,7,53,1349)
r(6,20865,7,56,1400)
r(6,20865,7,56,1401)
r(8,20856,7,56,1402)
r(6,20865,7,56,1403)
r(3,20861,7,56,1404)
r(14,20846,7,56,1405)
r(11,20847,7,56,1406)
r(9,20863,7,56,1407)
r(0,20857,7,56,1408)
r(10,20859,7,56,1409)
r(4,20866,7,56,1410)
r(3,20861,7,56,1411)
r(8,20856,7,56,1412)
r(1,20860,7,56,1413)
r(0,20857,7,56,1414)
r(1,20860,7,56,1415)
r(7,40735,7,56,1416)
r(6,20865,7,56,1417)
r(1,20860,7,56,1418)
r(18,20867,7,56,1419)
r(0,20857,7,56,1420)
r(14,20846,7,56,1421)
r(8,20856,7,56,1422)
r(1,20860,7,56,1423)
r(0,20857,7,56,1424)
r(1,20988,7,60,1500)
r(2,30904,7,60,1501)
r(7,20985,7,60,1502)
r(10,20989,7,60,1503)
r(0,20987,7,60,1504)
r(9,10819,7,60,1505)
r(0,20987,7,60,1506)
r(0,20987,7,60,1507)
r(0,20987,7,60,1508)
r(1,20988,7,60,1509)
r(0,20987,7,60,1510)
r(8,30909,7,60,1511)
r(2,30904,7,60,1512)
r(1,20988,7,60,1513)
r(15,20951,7,60,1514)
r(7,20985,7,60,1515)
r(2,30904,7,60,1516)
r(3,20990,7,60,1517)
r(0,20987,7,60,1518)
r(3,20990,7,60,1519)
r(1,20988,7,60,1520)
r(0,20987,7,60,1521)
r(0,20987,7,60,1522)
r(2,30904,7,60,1523)
r(14,20981,7,60,1524)
r(3,20990,7,61,1525)
r(0,20987,7,61,1526)
r(18,30899,7,61,1527)
r(0,20987,7,61,1528)
r(0,20987,7,61,1529)
r(10,20989,7,61,1530)
r(6,10812,7,61,1531)
r(2,30904,7,61,1532)
r(1,20988,7,61,1533)
r(0,20987,7,61,1534)
r(0,20987,7,61,1535)
r(3,20990,7,61,1536)
r(10,20989,7,61,1537)
r(6,10812,7,61,1538)
r(17,10818,7,61,1539)
r(0,20987,7,61,1540)
w(0,70831,7,61,1541)
w(1,70832,7,61,1542)
w(2,70833,7,61,1543)
w(2,70834,7,61,1544)
w(6,70835,7,61,1545)
w(0,70836,7,61,1546)
w(1,70837,7,61,1547)
w(0,70838,7,61,1548)
w(3,70839,7,61,1549)
r(1,70837,7,62,1550)
r(1,70837,7,62,1551)
r(0,70838,7,62,1552)
r(0,70838,7,62,1553)
r(1,70837,7,62,1554)
r(3,70839,7,62,1555)
r(1,70837,7,62,1556)
r(16,80963,7,62,1557)
r(0,70838,7,62,1558)
r(2,70834,7,62,1559)
r(1,70837,7,62,1560)
r(14,20981,7,62,1561)
r(3,70839,7,62,1562)
r(11,10852,7,62,1563)
r(1,70837,7,62,1564)
r(10,60880,7,62,1565)
r(3,70839,7,62,1566)
r(0,70838,7,62,1567)
r(0,70838,7,62,1568)
r(2,70834,7,62,1569)
r(4,21002,7,62,1570)
r(7,20994,7,62,1571)
r(1,70837,7,62,1572)
r(7,20994,7,62,1573)
r(0,70838,7,62,1574)
r(2,50883,7,66,1650)
r(0,50880,7,66,1651)
r(0,50880,7,66,1652)
r(5,81040,7,66,1653)
r(11,50882,7,66,1654)
r(0,50880,7,66,1655)
r(0,50880,7,66,1656)
r(17,50877,7,66,1657)
r(0,50880,7,66,1658)
r(4,60941,7,66,1659)
r(0,50880,7,66,1660)
r(4,60941,7,66,1661)
r(0,50880,7,66,1662)
r(3,50879,7,66,1663)
r(0,50880,7,66,1664)
r(16,50813,7,66,1665)
r(4,60941,7,66,1666)
r(4,60941,7,66,1667)
r(1,81036,7,66,1668)
r(6,81034,7,66,1669)
r(1,81036,7,66,1670)
r(17,50877,7,66,1671)
r(7,81035,7,66,1672)
r(11,50882,7,66,1673)
r(1,81036,7,66,1674)
r(5,61030,7,70,1750)
r(8,61033,7,70,1751)
r(6,21084,7,70,1752)
r(1,61028,7,70,1753)
r(0,61032,7,70,1754)
r(0,61032,7,70,1755)
r(3,61021,7,70,1756)
r(8,61033,7,70,1757)
r(2,61023,7,70,1758)
r(3,61021,7,70,1759)
r(12,21081,7,70,1760)
r(1,61028,7,70,1761)
r(3,61021,7,70,1762)
r(7,61024,7,70,1763)
r(3,61021,7,70,1764)
r(1,61028,7,70,1765)
r(4,61015,7,70,1766)
r(0,61032,7,70,1767)
r(9,61020,7,70,1768)
r(5,61030,7,70,1769)
r(17,50877,7,70,1770)
r(6,21084,7,70,1771)
r(1,61028,7,70,1772)
r(0,61032,7,70,1773)
r(4,61015,7,70,1774)
r(1,40951,7,72,1800)
r(4,61015,7,72,1801)
r(0,40956,7,72,1802)
r(0,40956,7,72,1803)
r(0,40956,7,72,1804)
r(8,40953,7,72,1805)
r(1,40951,7,72,1806)
r(3,40944,7,72,1807)
r(6,40948,7,72,1808)
r(0,40956,7,72,1809)
r(0,40956,7,72,1810)
r(0,40956,7,72,1811)
r(4,61015,7,72,1812)
r(1,40951,7,72,1813)
r(5,40940,7,72,1814)
r(9,40945,7,72,1815)
r(9,40945,7,72,1816)
r(0,40956,7,72,1817)
r(8,40953,7,72,1818)
r(1,40951,7,72,1819)
r(0,40956,7,72,1820)
r(3,40944,7,72,1821)
r(5,40940,7,72,1822)
r(17,40955,7,72,1823)
r(14,1089,7,72,1824)
r(13,1125,7,73,1825)
r(2,40957,7,73,1826)
r(2,40957,7,73,1827)
r(3,40944,7,73,1828)
r(11,40949,7,73,1829)
r(1,1135,7,73,1830)
r(15,1126,7,73,1831)
r(1,1135,7,73,1832)
r(3,40944,7,73,1833)
r(7,1137,7,73,1834)
r(10,1134,7,73,1835)
r(2,40957,7,73,1836)
r(2,40957,7,73,1837)
r(12,21081,7,73,1838)
r(4,61015,7,73,1839)
r(12,21081,7,73,1840)
r(18,61029,7,73,1841)
r(0,1136,7,73,1842)
r(5,40940,7,73,1843)
r(1,1135,7,73,1844)
r(1,1135,7,73,1845)
r(6,40948,7,73,1846)
r(13,1125,7,73,1847)
r(0,1136,7,73,1848)
r(3,40944,7,73,1849)
r(0,81208,7,77,1925)
r(1,81205,7,77,1926)
r(14,41021,7,77,1927)
r(0,81208,7,77,1928)
r(0,81208,7,77,1929)
r(1,81205,7,77,1930)
r(5,61091,7,77,1931)
r(18,11004,7,77,1932)
r(1,81205,7,77,1933)
r(1,81205,7,77,1934)
r(9,81195,7,77,1935)
r(0,81208,7,77,1936)
r(1,81205,7,77,1937)
r(17,41013,7,77,1938)
r(13,31084,7,77,1939)
r(6,81206,7,77,1940)
r(17,41013,7,77,1941)
r(2,81191,7,77,1942)
r(2,81191,7,77,1943)
r(14,41021,7,77,1944)
r(4,41032,7,77,1945)
r(5,61091,7,77,1946)
r(1,81205,7,77,1947)
r(3,81201,7,77,1948)
r(9,81195,7,77,1949)
r(10,41041,7,79,1975)
r(14,41021,7,79,1976)
r(3,21203,7,79,1977)
r(3,21203,7,79,1978)
r(0,21208,7,79,1979)
r(2,21206,7,79,1980)
r(0,21208,7,79,1981)
r(1,51042,7,79,1982)
r(11,21198,7,79,1983)
r(3,21203,7,79,1984)
r(1,51042,7,79,1985)
r(17,51031,7,79,1986)
r(4,21204,7,79,1987)
r(11,21198,7,79,1988)
r(7,51043,7,79,1989)
r(2,21206,7,79,1990)
r(2,21206,7,79,1991)
r(1,51042,7,79,1992)
r(3,21203,7,79,1993)
r(0,21208,7,79,1994)
r(19,21209,7,79,1995)
r(7,51043,7,79,1996)
r(0,21208,7,79,1997)
r(3,21203,7,79,1998)
r(6,51039,7,79,1999)
r(2,21206,7,81,2025)
r(2,21206,7,81,2026)
r(0,21208,7,81,2027)
r(0,21208,7,81,2028)
r(6,51039,7,81,2029)
r(3,21203,7,81,2030)
r(4,21204,7,81,2031)
r(0,21208,7,81,2032)
r(3,21203,7,81,2033)
r(0,21208,7,81,2034)
r(3,21203,7,81,2035)
r(0,21208,7,81,2036)
r(12,21202,7,81,2037)
w(0,71016,7,81,2038)
w(0,71017,7,81,2039)
w(3,71018,7,81,2040)
w(2,71019,7,81,2041)
w(1,71020,7,81,2042)
w(5,71021,7,81,2043)
w(4,71022,7,81,2044)
w(1,71023,7,81,2045)
w(8,71024,7,81,2046)
w(9,71025,7,81,2047)
w(15,71026,7,81,2048)
w(14,71027,7,81,2049)
r(6,61179,7,83,2075)
r(0,61209,7,83,2076)
r(0,61209,7,83,2077)
r(9,91223,7,83,2078)
r(5,91230,7,83,2079)
r(3,91225,7,83,2080)
r(5,91230,7,83,2081)
r(5,91230,7,83,2082)
r(1,61210,7,83,2083)
r(14,71027,7,83,2084)
r(0,61209,7,83,2085)
w(7,71053,7,83,2086)
w(0,71054,7,83,2087)
w(7,71055,7,83,2088)
w(8,71056,7,83,2089)
w(2,71057,7,83,2090)
w(10,71058,7,83,2091)
w(1,71059,7,83,2092)
w(4,71060,7,83,2093)
w(3,71061,7,83,2094)
w(0,71062,7,83,2095)
w(10,71063,7,83,2096)
w(1,71064,7,83,2097)
w(16,71065,7,83,2098)
w(0,71066,7,83,2099)
r(0,11099,7,87,2175)
r(0,11099,7,87,2176)
r(12,61190,7,87,2177)
r(1,11100,7,87,2178)
r(0,11099,7,87,2179)
r(16,71065,7,87,2180)
r(12,61190,7,87,2181)
r(4,11095,7,87,2182)
r(0,11099,7,87,2183)
r(0,11099,7,87,2184)
r(7,11101,7,87,2185)
r(4,11095,7,87,2186)
r(6,61179,7,87,2187)
w(17,71128,7,87,2188)
w(5,71129,7,87,2189)
w(4,71130,7,87,2190)
w(9,71131,7,87,2191)
w(2,71132,7,87,2192)
w(0,71133,7,87,2193)
w(3,71134,7,87,2194)
w(12,71135,7,87,2195)
w(13,71136,7,87,2196)
w(19,71137,7,87,2197)
w(4,71138,7,87,2198)
w(1,71139,7,87,2199)
r(8,21287,7,88,2200)
r(0,71133,7,88,2201)
r(11,21198,7,88,2202)
r(12,71135,7,88,2203)
r(12,71135,7,88,2204)
r(1,71139,7,88,2205)
r(0,71133,7,88,2206)
r(0,71133,7,88,2207)
r(0,71133,7,88,2208)
r(0,71133,7,88,2209)
r(2,71132,7,88,2210)
r(7,21285,7,88,2211)
r(1,71139,7,88,2212)
r(19,71137,7,88,2213)
r(2,71132,7,88,2214)
r(2,71132,7,88,2215)
r(2,71132,7,88,2216)
r(1,71139,7,88,2217)
r(6,61179,7,88,2218)
r(0,71133,7,88,2219)
r(4,71138,7,88,2220)
r(6,61179,7,88,2221)
r(9,71131,7,88,2222)
r(0,71133,7,88,2223)
r(2,71132,7,88,2224)
r(4,51148,7,91,2275)
r(1,51151,7,91,2276)
r(2,41187,7,91,2277)
r(12,21312,7,91,2278)
r(2,41187,7,91,2279)
r(12,21312,7,91,2280)
r(1,51151,7,91,2281)
r(10,51150,7,91,2282)
r(5,71129,7,91,2283)
r(0,41189,7,91,2284)
r(6,41185,7,91,2285)
r(0,41189,7,91,2286)
r(4,51148,7,91,2287)
r(0,41189,7,91,2288)
r(1,51151,7,91,2289)
r(3,21318,7,91,2290)
r(0,41189,7,91,2291)
r(0,41189,7,91,2292)
r(0,41189,7,91,2293)
r(3,21318,7,91,2294)
r(4,51148,7,91,2295)
r(4,51148,7,91,2296)
r(0,41189,7,91,2297)
r(15,41179,7,91,2298)
r(19,21308,7,91,2299)
r(4,51148,7,92,2300)
r(7,51146,7,92,2301)
r(2,41187,7,92,2302)
r(3,21318,7,92,2303)
r(8,41190,7,92,2304)
r(1,51151,7,92,2305)
r(4,51148,7,92,2306)
r(0,41189,7,92,2307)
r(0,41189,7,92,2308)
r(2,41187,7,92,2309)
r(4,51148,7,92,2310)
r(0,41189,7,92,2311)
r(3,21318,7,92,2312)
r(7,51146,7,92,2313)
r(2,41187,7,92,2314)
r(0,41189,7,92,2315)
r(18,41181,7,92,2316)
r(6,41185,7,92,2317)
r(0,41189,7,92,2318)
r(0,41189,7,92,2319)
r(3,21318,7,92,2320)
r(0,41189,7,92,2321)
r(5,71129,7,92,2322)
r(0,41189,7,92,2323)
r(0,41189,7,92,2324)
r(0,1326,7,93,2325)
r(9,1303,7,93,2326)
r(1,1324,7,93,2327)
r(15,1305,7,93,2328)
r(3,1323,7,93,2329)
r(1,1324,7,93,2330)
r(0,1326,7,93,2331)
r(13,31209,7,93,2332)
r(4,1325,7,93,2333)
r(3,1323,7,93,2334)
r(0,1326,7,93,2335)
r(5,1310,7,93,2336)
r(0,1326,7,93,2337)
r(2,1327,7,93,2338)
r(0,1326,7,93,2339)
r(10,51150,7,93,2340)
w(0,71168,7,93,2341)
w(0,71169,7,93,2342)
w(5,71170,7,93,2343)
w(0,71171,7,93,2344)
w(4,71172,7,93,2345)
w(1,71173,7,93,2346)
w(8,71174,7,93,2347)
w(0,71175,7,93,2348)
w(6,71176,7,93,2349)
r(1,31311,7,99,2475)
r(3,31315,7,99,2476)
r(1,31311,7,99,2477)
r(7,41263,7,99,2478)
r(1,31311,7,99,2479)
r(2,31317,7,99,2480)
r(16,91437,7,99,2481)
r(8,91440,7,99,2482)
r(1,31311,7,99,2483)
r(15,51184,7,99,2484)
r(4,91441,7,99,2485)
r(2,31317,7,99,2486)
r(2,31317,7,99,2487)
r(17,1382,7,99,2488)
r(2,31317,7,99,2489)
r(0,91444,7,99,2490)
r(0,91444,7,99,2491)
r(0,91444,7,99,2492)
r(2,31317,7,99,2493)
r(7,41263,7,99,2494)
r(12,1383,7,99,2495)
r(0,91444,7,99,2496)
r(4,91441,7,99,2497)
r(10,31297,7,99,2498)
r(0,91444,7,99,2499)
r(12,1383,7,101,2525)
r(0,91444,7,101,2526)
r(0,91444,7,101,2527)
r(8,91440,7,101,2528)
r(0,91444,7,101,2529)
r(10,31297,7,101,2530)
r(1,31311,7,101,2531)
r(16,91437,7,101,2532)
r(7,41263,7,101,2533)
r(2,31317,7,101,2534)
r(1,31311,7,101,2535)
r(2,31317,7,101,2536)
r(10,31297,7,101,2537)
r(5,91442,7,101,2538)
r(12,1383,7,101,2539)
r(1,31311,7,101,2540)
r(1,31311,7,101,2541)
r(1,31311,7,101,2542)
r(1,31311,7,101,2543)
r(10,31297,7,101,2544)
r(0,91444,7,101,2545)
r(18,91443,7,101,2546)
r(0,91444,7,101,2547)
r(8,91440,7,101,2548)
r(3,31315,7,101,2549)
w(0,71286,7,104,2600)
w(0,71287,7,104,2601)
w(0,71288,7,104,2602)
w(0,71289,7,104,2603)
w(0,71290,7,104,2604)
w(4,71291,7,104,2605)
w(14,71292,7,104,2606)
w(2,71293,7,104,2607)
w(2,71294,7,104,2608)
w(4,71295,7,104,2609)
w(0,71296,7,104,2610)
w(14,71297,7,104,2611)
w(0,71298,7,104,2612)
w(0,71299,7,104,2613)
w(1,71300,7,104,2614)
w(15,71301,7,104,2615)
w(5,71302,7,104,2616)
w(3,71303,7,104,2617)
w(0,71304,7,104,2618)
w(3,71305,7,104,2619)
w(1,71306,7,104,2620)
w(14,71307,7,104,2621)
w(9,71308,7,104,2622)
w(3,71309,7,104,2623)
w(0,71310,7,104,2624)
r(7,51334,7,106,2650)
r(0,51337,7,106,2651)
r(6,51320,7,106,2652)
r(8,51317,7,106,2653)
r(2,51330,7,106,2654)
r(0,51337,7,106,2655)
r(0,51337,7,106,2656)
r(1,51336,7,106,2657)
r(0,51337,7,106,2658)
r(0,51337,7,106,2659)
r(3,51322,7,106,2660)
r(11,41368,7,106,2661)
r(0,51337,7,106,2662)
r(4,51326,7,106,2663)
r(11,41368,7,106,2664)
r(5,71302,7,106,2665)
r(5,71302,7,106,2666)
r(2,51330,7,106,2667)
r(9,71308,7,106,2668)
r(1,51336,7,106,2669)
r(16,51291,7,106,2670)
r(4,51326,7,106,2671)
r(4,51326,7,106,2672)
r(0,51337,7,106,2673)
r(2,51330,7,106,2674)
w(0,71322,7,107,2675)
w(9,71323,7,107,2676)
w(0,71324,7,107,2677)
w(0,71325,7,107,2678)
w(0,71326,7,107,2679)
w(16,71327,7,107,2680)
w(3,71328,7,107,2681)
w(0,71329,7,107,2682)
w(9,71330,7,107,2683)
w(6,71331,7,107,2684)
w(2,71332,7,107,2685)
w(6,71333,7,107,2686)
w(2,71334,7,107,2687)
w(2,71335,7,107,2688)
w(0,71336,7,107,2689)
w(15,71337,7,107,2690)
w(17,71338,7,107,2691)
w(0,71339,7,107,2692)
w(1,71340,7,107,2693)
w(0,71341,7,107,2694)
w(0,71342,7,107,2695)
w(7,71343,7,107,2696)
w(12,71344,7,107,2697)
w(18,71345,7,107,2698)
w(12,71346,7,107,2699)
r(0,61549,7,113,2825)
r(8,61542,7,113,2826)
r(6,61546,7,113,2827)
r(2,61547,7,113,2828)
r(3,21545,7,113,2829)
r(12,31463,7,113,2830)
r(0,61549,7,113,2831)
r(0,61549,7,113,2832)
r(13,91569,7,113,2833)
r(15,91596,7,113,2834)
r(1,61544,7,113,2835)
r(0,61549,7,113,2836)
r(4,21547,7,113,2837)
w(3,71417,7,113,2838)
w(1,71418,7,113,2839)
w(3,71419,7,113,2840)
w(4,71420,7,113,2841)
w(11,71421,7,113,2842)
w(4,71422,7,113,2843)
w(13,71423,7,113,2844)
w(6,71424,7,113,2845)
w(3,71425,7,113,2846)
w(6,71426,7,113,2847)
w(0,71427,7,113,2848)
w(0,71428,7,113,2849)
r(4,71422,7,114,2850)
r(0,71428,7,114,2851)
r(0,71428,7,114,2852)
r(1,71418,7,114,2853)
r(17,21528,7,114,2854)
r(0,71428,7,114,2855)
r(0,71428,7,114,2856)
r(1,71418,7,114,2857)
r(17,21528,7,114,2858)
r(1,71418,7,114,2859)
r(7,91586,7,114,2860)
r(4,71422,7,114,2861)
r(3,71425,7,114,2862)
r(4,71422,7,114,2863)
r(0,71428,7,114,2864)
w(9,71429,7,114,2865)
w(1,71430,7,114,2866)
w(1,71431,7,114,2867)
w(3,71432,7,114,2868)
w(13,71433,7,114,2869)
w(11,71434,7,114,2870)
w(2,71435,7,114,2871)
w(0,71436,7,114,2872)
w(1,71437,7,114,2873)
w(2,71438,7,114,2874)
r(4,61565,7,116,2900)
r(5,81564,7,116,2901)
r(3,71432,7,116,2902)
r(0,71436,7,116,2903)
r(0,71436,7,116,2904)
r(1,71437,7,116,2905)
r(1,71437,7,116,2906)
r(1,71437,7,116,2907)
r(0,71436,7,116,2908)
r(3,71432,7,116,2909)
r(1,71437,7,116,2910)
r(3,71432,7,116,2911)
r(15,91596,7,116,2912)
r(3,71432,7,116,2913)
r(0,71436,7,116,2914)
r(2,71438,7,116,2915)
r(6,71426,7,116,2916)
r(2,71438,7,116,2917)
r(2,71438,7,116,2918)
r(4,61565,7,116,2919)
r(1,71437,7,116,2920)
r(3,71432,7,116,2921)
r(2,71438,7,116,2922)
r(9,71429,7,116,2923)
r(3,71432,7,116,2924)
w(5,71475,7,118,2950)
w(0,71476,7,118,2951)
w(0,71477,7,118,2952)
w(0,71478,7,118,2953)
w(1,71479,7,118,2954)
w(1,71480,7,118,2955)
w(0,71481,7,118,2956)
w(0,71482,7,118,2957)
w(0,71483,7,118,2958)
w(2,71484,7,118,2959)
w(4,71485,7,118,2960)
w(8,71486,7,118,2961)
w(9,71487,7,118,2962)
w(0,71488,7,118,2963)
w(8,71489,7,118,2964)
w(0,71490,7,118,2965)
w(0,71491,7,118,2966)
w(9,71492,7,118,2967)
w(3,71493,7,118,2968)
w(4,71494,7,118,2969)
w(1,71495,7,118,2970)
w(1,71496,7,118,2971)
w(5,71497,7,118,2972)
w(14,71498,7,118,2973)
w(2,71499,7,118,2974)
r(6,81583,7,119,2975)
r(3,71493,7,119,2976)
r(13,71433,7,119,2977)
r(1,71496,7,119,2978)
r(1,71496,7,119,2979)
r(10,81585,7,119,2980)
r(0,71491,7,119,2981)
r(0,71491,7,119,2982)
r(3,71493,7,119,2983)
r(0,71491,7,119,2984)
r(0,71491,7,119,2985)
w(10,71500,7,119,2986)
w(0,71501,7,119,2987)
w(0,71502,7,119,2988)
w(7,71503,7,119,2989)
w(2,71504,7,119,2990)
w(3,71505,7,119,2991)
w(2,71506,7,119,2992)
w(1,71507,7,119,2993)
w(12,71508,7,119,2994)
w(0,71509,7,119,2995)
w(11,71510,7,119,2996)
w(0,71511,7,119,2997)
w(2,71512,7,119,2998)
w(0,71513,7,119,2999)
r(15,91596,7,120,3000)
r(4,51471,7,120,3001)
r(3,71505,7,120,3002)
r(0,71513,7,120,3003)
r(0,71513,7,120,3004)
r(1,71507,7,120,3005)
r(0,71513,7,120,3006)
r(2,71512,7,120,3007)
r(17,21528,7,120,3008)
r(0,71513,7,120,3009)
r(12,71508,7,120,3010)
r(4,51471,7,120,3011)
r(12,71508,7,120,3012)
r(12,71508,7,120,3013)
r(15,91596,7,120,3014)
r(1,71507,7,120,3015)
r(4,51471,7,120,3016)
r(18,1536,7,120,3017)
r(13,71433,7,120,3018)
r(6,51477,7,120,3019)
r(0,71513,7,120,3020)
r(2,71512,7,120,3021)
r(0,71513,7,120,3022)
r(0,71513,7,120,3023)
r(14,51472,7,120,3024)
r(0,11506,7,129,3225)
r(17,61704,7,129,3226)
r(0,11506,7,129,3227)
r(17,61704,7,129,3228)
r(0,11506,7,129,3229)
r(0,11506,7,129,3230)
r(4,11503,7,129,3231)
r(2,51581,7,129,3232)
r(8,21713,7,129,3233)
r(12,91755,7,129,3234)
r(13,41692,7,129,3235)
r(1,51578,7,129,3236)
r(19,41693,7,129,3237)
r(0,11506,7,129,3238)
r(1,51578,7,129,3239)
r(9,21683,7,129,3240)
w(0,71643,7,129,3241)
w(1,71644,7,129,3242)
w(0,71645,7,129,3243)
w(1,71646,7,129,3244)
w(1,71647,7,129,3245)
w(14,71648,7,129,3246)
w(3,71649,7,129,3247)
w(2,71650,7,129,3248)
w(10,71651,7,129,3249)
r(19,41693,7,130,3250)
r(1,71647,7,130,3251)
r(2,71650,7,130,3252)
r(3,71649,7,130,3253)
r(6,11500,7,130,3254)
r(2,71650,7,130,3255)
r(15,31570,7,130,3256)
r(0,71645,7,130,3257)
r(9,21683,7,130,3258)
r(1,71647,7,130,3259)
r(8,21713,7,130,3260)
r(0,71645,7,130,3261)
r(4,61728,7,130,3262)
r(6,11500,7,130,3263)
r(13,41692,7,130,3264)
r(0,71645,7,130,3265)
r(4,61728,7,130,3266)
r(0,71645,7,130,3267)
r(1,71647,7,130,3268)
r(7,11498,7,130,3269)
r(3,71649,7,130,3270)
r(3,71649,7,130,3271)
r(0,71645,7,130,3272)
r(0,71645,7,130,3273)
r(0,71645,7,130,3274)
r(10,61836,7,136,3400)
r(19,51693,7,136,3401)
r(1,11632,7,136,3402)
r(1,11632,7,136,3403)
r(2,11636,7,136,3404)
r(3,11604,7,136,3405)
r(12,61835,7,136,3406)
r(0,11639,7,136,3407)
r(15,11634,7,136,3408)
r(2,11636,7,136,3409)
r(2,11636,7,136,3410)
r(4,11617,7,136,3411)
r(4,11617,7,136,3412)
r(12,61835,7,136,3413)
r(13,61833,7,136,3414)
r(6,11629,7,136,3415)
r(0,11639,7,136,3416)
r(0,11639,7,136,3417)
r(12,61835,7,136,3418)
r(0,11639,7,136,3419)
r(1,11632,7,136,3420)
r(13,61833,7,136,3421)
r(0,11639,7,136,3422)
r(15,11634,7,136,3423)
r(0,11639,7,136,3424)
r(1,11632,7,137,3425)
r(3,11604,7,137,3426)
r(12,61835,7,137,3427)
r(0,11639,7,137,3428)
r(17,11630,7,137,3429)
r(19,51693,7,137,3430)
r(13,61833,7,137,3431)
r(11,11600,7,137,3432)
r(1,11632,7,137,3433)
r(1,11632,7,137,3434)
r(5,11615,7,137,3435)
r(0,11639,7,137,3436)
r(1,11632,7,137,3437)
r(0,11639,7,137,3438)
r(0,11639,7,137,3439)
r(3,11604,7,137,3440)
r(1,11632,7,137,3441)
r(6,11629,7,137,3442)
r(9,11622,7,137,3443)
r(2,11636,7,137,3444)
r(0,11639,7,137,3445)
r(3,11604,7,137,3446)
r(3,11604,7,137,3447)
r(1,11632,7,137,3448)
r(3,11604,7,137,3449)
r(18,61834,7,138,3450)
r(2,41858,7,138,3451)
r(0,41861,7,138,3452)
r(0,41861,7,138,3453)
r(4,41859,7,138,3454)
r(17,11630,7,138,3455)
r(3,11604,7,138,3456)
r(1,41862,7,138,3457)
w(0,71740,7,138,3458)
w(6,71741,7,138,3459)
w(10,71742,7,138,3460)
w(4,71743,7,138,3461)
w(0,71744,7,138,3462)
w(5,71745,7,138,3463)
w(4,71746,7,138,3464)
w(0,71747,7,138,3465)
w(1,71748,7,138,3466)
w(0,71749,7,138,3467)
w(18,71750,7,138,3468)
w(12,71751,7,138,3469)
w(0,71752,7,138,3470)
w(0,71753,7,138,3471)
w(1,71754,7,138,3472)
w(6,71755,7,138,3473)
w(1,71756,7,138,3474)
r(2,41858,7,139,3475)
r(12,71751,7,139,3476)
r(12,71751,7,139,3477)
r(2,41858,7,139,3478)
r(0,71753,7,139,3479)
r(1,71756,7,139,3480)
r(4,71746,7,139,3481)
r(2,41858,7,139,3482)
r(0,71753,7,139,3483)
r(2,41858,7,139,3484)
r(3,11604,7,139,3485)
r(17,11630,7,139,3486)
r(3,11604,7,139,3487)
r(11,11600,7,139,3488)
r(0,71753,7,139,3489)
r(0,71753,7,139,3490)
r(10,71742,7,139,3491)
r(10,71742,7,139,3492)
r(11,11600,7,139,3493)
r(0,71753,7,139,3494)
r(1,71756,7,139,3495)
r(0,71753,7,139,3496)
r(4,71746,7,139,3497)
r(4,71746,7,139,3498)
r(18,71750,7,139,3499)
r(0,51897,7,148,3700)
r(1,51882,7,148,3701)
r(2,92045,7,148,3702)
r(0,51897,7,148,3703)
r(3,51887,7,148,3704)
r(3,51887,7,148,3705)
r(13,31875,7,148,3706)
r(0,51897,7,148,3707)
r(2,92045,7,148,3708)
r(0,51897,7,148,3709)
r(0,51897,7,148,3710)
r(2,92045,7,148,3711)
r(0,51897,7,148,3712)
r(1,51882,7,148,3713)
r(0,51897,7,148,3714)
r(17,51892,7,148,3715)
r(0,51897,7,148,3716)
r(0,51897,7,148,3717)
r(0,51897,7,148,3718)
r(11,51893,7,148,3719)
r(6,42000,7,148,3720)
r(18,91992,7,148,3721)
r(10,11750,7,148,3722)
r(3,51887,7,148,3723)
r(2,92045,7,148,3724)
r(1,2037,7,151,3775)
r(9,51879,7,151,3776)
r(16,2020,7,151,3777)
r(1,2037,7,151,3778)
r(6,81984,7,151,3779)
r(1,2037,7,151,3780)
r(2,81986,7,151,3781)
r(14,2034,7,151,3782)
r(0,2035,7,151,3783)
r(13,31875,7,151,3784)
r(17,51892,7,151,3785)
r(0,2035,7,151,3786)
r(0,2035,7,151,3787)
w(4,71912,7,151,3788)
w(0,71913,7,151,3789)
w(18,71914,7,151,3790)
w(0,71915,7,151,3791)
w(0,71916,7,151,3792)
w(1,71917,7,151,3793)
w(0,71918,7,151,3794)
w(0,71919,7,151,3795)
w(1,71920,7,151,3796)
w(1,71921,7,151,3797)
w(3,71922,7,151,3798)
w(8,71923,7,151,3799)
r(1,62038,7,153,3825)
r(7,62039,7,153,3826)
r(2,62037,7,153,3827)
r(13,62031,7,153,3828)
r(14,62033,7,153,3829)
r(0,62041,7,153,3830)
r(1,62038,7,153,3831)
r(18,71914,7,153,3832)
r(0,62041,7,153,3833)
r(1,62038,7,153,3834)
r(0,62041,7,153,3835)
w(3,71941,7,153,3836)
w(1,71942,7,153,3837)
w(3,71943,7,153,3838)
w(1,71944,7,153,3839)
w(0,71945,7,153,3840)
w(0,71946,7,153,3841)
w(1,71947,7,153,3842)
w(3,71948,7,153,3843)
w(0,71949,7,153,3844)
w(1,71950,7,153,3845)
w(3,71951,7,153,3846)
w(5,71952,7,153,3847)
w(1,71953,7,153,3848)
w(1,71954,7,153,3849)
r(2,62037,7,154,3850)
r(7,62039,7,154,3851)
r(6,81984,7,154,3852)
r(8,62036,7,154,3853)
r(0,71949,7,154,3854)
r(5,71952,7,154,3855)
r(2,62037,7,154,3856)
r(4,71912,7,154,3857)
r(0,71949,7,154,3858)
r(1,71954,7,154,3859)
r(2,62037,7,154,3860)
r(6,81984,7,154,3861)
r(5,71952,7,154,3862)
r(17,51892,7,154,3863)
r(0,71949,7,154,3864)
r(0,71949,7,154,3865)
r(6,81984,7,154,3866)
r(1,71954,7,154,3867)
r(5,71952,7,154,3868)
r(9,51879,7,154,3869)
r(3,71951,7,154,3870)
r(5,71952,7,154,3871)
r(7,62039,7,154,3872)
r(2,62037,7,154,3873)
r(0,71949,7,154,3874)
r(15,2062,7,156,3900)
r(15,2062,7,156,3901)
r(0,82027,7,156,3902)
r(10,42128,7,156,3903)
r(11,11847,7,156,3904)
r(3,82038,7,156,3905)
r(1,42130,7,156,3906)
r(8,2060,7,156,3907)
r(3,82038,7,156,3908)
r(4,31959,7,156,3909)
r(0,82027,7,156,3910)
r(4,31959,7,156,3911)
r(0,82027,7,156,3912)
r(8,2060,7,156,3913)
r(7,82035,7,156,3914)
r(1,42130,7,156,3915)
r(6,82032,7,156,3916)
r(1,42130,7,156,3917)
r(12,42127,7,156,3918)
r(3,82038,7,156,3919)
r(9,42109,7,156,3920)
r(12,42127,7,156,3921)
r(1,42130,7,156,3922)
r(3,82038,7,156,3923)
r(13,42120,7,156,3924)
r(5,22223,7,161,4025)
r(0,92299,7,161,4026)
r(5,22223,7,161,4027)
r(0,92299,7,161,4028)
r(0,92299,7,161,4029)
r(5,22223,7,161,4030)
r(0,92299,7,161,4031)
r(0,92299,7,161,4032)
r(1,92300,7,161,4033)
r(5,22223,7,161,4034)
w(0,72061,7,161,4035)
w(11,72062,7,161,4036)
w(7,72063,7,161,4037)
w(8,72064,7,161,4038)
w(11,72065,7,161,4039)
w(0,72066,7,161,4040)
w(0,72067,7,161,4041)
w(0,72068,7,161,4042)
w(3,72069,7,161,4043)
w(5,72070,7,161,4044)
w(0,72071,7,161,4045)
w(6,72072,7,161,4046)
w(0,72073,7,161,4047)
w(0,72074,7,161,4048)
w(17,72075,7,161,4049)
r(13,22216,7,162,4050)
r(2,22214,7,162,4051)
r(15,82136,7,162,4052)
r(0,72074,7,162,4053)
r(0,72074,7,162,4054)
r(13,22216,7,162,4055)
r(1,92300,7,162,4056)
r(3,72069,7,162,4057)
r(0,72074,7,162,4058)
r(10,62112,7,162,4059)
r(0,72074,7,162,4060)
r(16,22209,7,162,4061)
r(0,72074,7,162,4062)
r(0,72074,7,162,4063)
w(12,72076,7,162,4064)
w(0,72077,7,162,4065)
w(1,72078,7,162,4066)
w(1,72079,7,162,4067)
w(16,72080,7,162,4068)
w(19,72081,7,162,4069)
w(1,72082,7,162,4070)
w(1,72083,7,162,4071)
w(13,72084,7,162,4072)
w(16,72085,7,162,4073)
w(5,72086,7,162,4074)
r(5,72086,7,163,4075)
r(0,72077,7,163,4076)
r(1,72083,7,163,4077)
r(17,72075,7,163,4078)
r(0,72077,7,163,4079)
r(5,72086,7,163,4080)
r(1,72083,7,163,4081)
r(1,72083,7,163,4082)
r(2,22214,7,163,4083)
r(7,72063,7,163,4084)
r(0,72077,7,163,4085)
r(1,72083,7,163,4086)
r(0,72077,7,163,4087)
r(11,72065,7,163,4088)
r(2,22214,7,163,4089)
r(4,22202,7,163,4090)
r(14,92205,7,163,4091)
r(6,72072,7,163,4092)
r(1,72083,7,163,4093)
r(6,72072,7,163,4094)
r(3,72069,7,163,4095)
r(2,22214,7,163,4096)
r(5,72086,7,163,4097)
r(4,22202,7,163,4098)
r(3,72069,7,163,4099)
r(0,72077,7,164,4100)
r(2,22214,7,164,4101)
r(11,72065,7,164,4102)
r(0,72077,7,164,4103)
r(1,72083,7,164,4104)
r(11,72065,7,164,4105)
r(0,72077,7,164,4106)
r(3,72069,7,164,4107)
r(8,72064,7,164,4108)
r(0,72077,7,164,4109)
r(1,72083,7,164,4110)
r(6,72072,7,164,4111)
r(4,22202,7,164,4112)
r(0,72077,7,164,4113)
r(9,22219,7,164,4114)
r(18,22222,7,164,4115)
r(0,72077,7,164,4116)
r(5,72086,7,164,4117)
r(0,72077,7,164,4118)
r(0,72077,7,164,4119)
r(3,72069,7,164,4120)
r(6,72072,7,164,4121)
r(11,72065,7,164,4122)
r(12,72076,7,164,4123)
r(5,72086,7,164,4124)
r(4,52095,7,167,4175)
r(1,52106,7,167,4176)
r(1,52106,7,167,4177)
r(3,52103,7,167,4178)
r(16,72085,7,167,4179)
r(19,22267,7,167,4180)
r(1,52106,7,167,4181)
r(2,52107,7,167,4182)
r(1,52106,7,167,4183)
r(12,52094,7,167,4184)
r(1,52106,7,167,4185)
r(11,72065,7,167,4186)
r(2,52107,7,167,4187)
r(5,52105,7,167,4188)
r(0,52104,7,167,4189)
r(0,52104,7,167,4190)
r(0,52104,7,167,4191)
r(8,72064,7,167,4192)
r(0,52104,7,167,4193)
r(0,52104,7,167,4194)
r(5,52105,7,167,4195)
r(17,22261,7,167,4196)
r(0,52104,7,167,4197)
r(0,52104,7,167,4198)
r(0,52104,7,167,4199)
r(1,52106,7,168,4200)
r(6,52102,7,168,4201)
r(7,52101,7,168,4202)
r(0,52104,7,168,4203)
r(1,52106,7,168,4204)
r(0,52104,7,168,4205)
r(0,52104,7,168,4206)
r(0,52104,7,168,4207)
r(1,52106,7,168,4208)
r(0,52104,7,168,4209)
r(14,92205,7,168,4210)
r(3,52103,7,168,4211)
r(3,52103,7,168,4212)
r(2,52107,7,168,4213)
r(2,52107,7,168,4214)
r(3,52103,7,168,4215)
w(10,72108,7,168,4216)
w(3,72109,7,168,4217)
w(18,72110,7,168,4218)
w(3,72111,7,168,4219)
w(1,72112,7,168,4220)
w(0,72113,7,168,4221)
w(9,72114,7,168,4222)
w(17,72115,7,168,4223)
w(1,72116,7,168,4224)
r(19,62207,7,170,4250)
r(5,52105,7,170,4251)
r(0,72113,7,170,4252)
r(9,72114,7,170,4253)
r(1,72116,7,170,4254)
r(0,72113,7,170,4255)
r(2,52107,7,170,4256)
r(8,72064,7,170,4257)
r(0,72113,7,170,4258)
r(7,52101,7,170,4259)
r(5,52105,7,170,4260)
r(11,72065,7,170,4261)
r(2,52107,7,170,4262)
r(0,72113,7,170,4263)
r(5,52105,7,170,4264)
r(14,62208,7,170,4265)
r(2,52107,7,170,4266)
r(2,52107,7,170,4267)
r(9,72114,7,170,4268)
r(1,72116,7,170,4269)
r(1,72116,7,170,4270)
r(6,62206,7,170,4271)
r(0,72113,7,170,4272)
r(0,72113,7,170,4273)
r(2,52107,7,170,4274)
r(4,52095,7,172,4300)
r(0,72113,7,172,4301)
r(5,52105,7,172,4302)
r(0,72113,7,172,4303)
r(7,52101,7,172,4304)
r(17,72115,7,172,4305)
r(6,62206,7,172,4306)
r(10,72108,7,172,4307)
r(0,72113,7,172,4308)
r(2,52107,7,172,4309)
r(2,52107,7,172,4310)
r(2,52107,7,172,4311)
r(1,72116,7,172,4312)
r(2,52107,7,172,4313)
w(4,72135,7,172,4314)
w(0,72136,7,172,4315)
w(9,72137,7,172,4316)
w(0,72138,7,172,4317)
w(2,72139,7,172,4318)
w(18,72140,7,172,4319)
w(5,72141,7,172,4320)
w(1,72142,7,172,4321)
w(6,72143,7,172,4322)
w(7,72144,7,172,4323)
w(13,72145,7,172,4324)
r(1,32186,7,174,4350)
r(0,32180,7,174,4351)
r(0,32180,7,174,4352)
r(4,32185,7,174,4353)
r(5,72141,7,174,4354)
r(18,72140,7,174,4355)
r(13,72145,7,174,4356)
r(1,32186,7,174,4357)
r(7,32187,7,174,4358)
r(3,32179,7,174,4359)
r(0,32180,7,174,4360)
r(1,32186,7,174,4361)
r(18,72140,7,174,4362)
r(7,32187,7,174,4363)
r(4,32185,7,174,4364)
r(0,32180,7,174,4365)
r(11,72065,7,174,4366)
r(1,32186,7,174,4367)
r(1,32186,7,174,4368)
r(1,32186,7,174,4369)
r(6,32184,7,174,4370)
r(0,32180,7,174,4371)
r(0,32180,7,174,4372)
r(0,32180,7,174,4373)
r(1,32186,7,174,4374)
r(4,32217,7,176,4400)
r(4,32217,7,176,4401)
r(4,32217,7,176,4402)
r(0,32223,7,176,4403)
r(0,32223,7,176,4404)
r(1,32218,7,176,4405)
r(7,42348,7,176,4406)
r(9,72137,7,176,4407)
r(11,42361,7,176,4408)
r(5,62247,7,176,4409)
r(1,32218,7,176,4410)
r(14,62240,7,176,4411)
r(0,32223,7,176,4412)
r(1,32218,7,176,4413)
r(4,32217,7,176,4414)
r(12,62210,7,176,4415)
r(0,32223,7,176,4416)
r(1,32218,7,176,4417)
r(0,32223,7,176,4418)
r(0,32223,7,176,4419)
r(1,32218,7,176,4420)
r(12,62210,7,176,4421)
r(17,32213,7,176,4422)
r(1,32218,7,176,4423)
r(0,32223,7,176,4424)
r(0,22393,7,179,4475)
r(0,22393,7,179,4476)
r(0,22393,7,179,4477)
r(10,22382,7,179,4478)
r(2,22371,7,179,4479)
r(2,22371,7,179,4480)
r(4,22394,7,179,4481)
r(16,12077,7,179,4482)
r(0,22393,7,179,4483)
r(1,22392,7,179,4484)
r(0,22393,7,179,4485)
r(3,32222,7,179,4486)
r(1,22392,7,179,4487)
r(1,22392,7,179,4488)
r(0,22393,7,179,4489)
r(14,62240,7,179,4490)
r(8,22384,7,179,4491)
r(0,22393,7,179,4492)
r(1,22392,7,179,4493)
r(0,22393,7,179,4494)
r(2,22371,7,179,4495)
r(0,22393,7,179,4496)
r(0,22393,7,179,4497)
r(12,62210,7,179,4498)
r(1,22392,7,179,4499)
r(6,52214,7,180,4500)
r(0,22393,7,180,4501)
r(9,72137,7,180,4502)
r(14,62240,7,180,4503)
r(9,72137,7,180,4504)
r(0,22393,7,180,4505)
r(18,22381,7,180,4506)
r(2,22371,7,180,4507)
r(0,22393,7,180,4508)
r(2,22371,7,180,4509)
r(1,52221,7,180,4510)
r(3,52216,7,180,4511)
r(2,22371,7,180,4512)
r(19,42367,7,180,4513)
r(10,52222,7,180,4514)
r(2,22371,7,180,4515)
r(7,42348,7,180,4516)
r(1,52221,7,180,4517)
r(7,42348,7,180,4518)
r(0,22393,7,180,4519)
r(0,22393,7,180,4520)
r(0,22393,7,180,4521)
r(6,52214,7,180,4522)
r(10,52222,7,180,4523)
r(2,22371,7,180,4524)
r(9,72137,7,181,4525)
r(5,22387,7,181,4526)
r(0,22403,7,181,4527)
r(0,22403,7,181,4528)
r(0,22403,7,181,4529)
r(5,22387,7,181,4530)
r(8,52223,7,181,4531)
r(0,22403,7,181,4532)
r(2,22371,7,181,4533)
r(3,22399,7,181,4534)
r(0,22403,7,181,4535)
r(14,22407,7,181,4536)
r(9,72137,7,181,4537)
r(14,22407,7,181,4538)
r(17,52224,7,181,4539)
r(1,22404,7,181,4540)
r(0,22403,7,181,4541)
r(10,22405,7,181,4542)
r(7,42348,7,181,4543)
r(1,22404,7,181,4544)
r(1,22404,7,181,4545)
r(0,22403,7,181,4546)
r(0,22403,7,181,4547)
r(0,22403,7,181,4548)
r(0,22403,7,181,4549)
r(0,22591,7,190,4750)
r(1,22593,7,190,4751)
r(1,22593,7,190,4752)
r(3,92599,7,190,4753)
r(2,22592,7,190,4754)
r(14,22585,7,190,4755)
r(12,92587,7,190,4756)
r(14,22585,7,190,4757)
r(0,22591,7,190,4758)
r(6,92593,7,190,4759)
r(2,22592,7,190,4760)
r(1,22593,7,190,4761)
w(0,72351,7,190,4762)
w(1,72352,7,190,4763)
w(1,72353,7,190,4764)
w(13,72354,7,190,4765)
w(16,72355,7,190,4766)
w(3,72356,7,190,4767)
w(3,72357,7,190,4768)
w(5,72358,7,190,4769)
w(0,72359,7,190,4770)
w(12,72360,7,190,4771)
w(0,72361,7,190,4772)
w(3,72362,7,190,4773)
w(1,72363,7,190,4774)
r(1,22637,7,195,4875)
r(11,32452,7,195,4876)
r(11,32452,7,195,4877)
r(11,32452,7,195,4878)
r(9,92588,7,195,4879)
r(9,92588,7,195,4880)
r(0,22632,7,195,4881)
r(1,22637,7,195,4882)
r(0,22632,7,195,4883)
r(7,32446,7,195,4884)
r(0,22632,7,195,4885)
r(0,22632,7,195,4886)
r(0,22632,7,195,4887)
r(11,32452,7,195,4888)
r(14,42576,7,195,4889)
r(0,22632,7,195,4890)
r(14,42576,7,195,4891)
r(4,92619,7,195,4892)
r(0,22632,7,195,4893)
r(1,22637,7,195,4894)
r(4,92619,7,195,4895)
r(1,22637,7,195,4896)
r(0,22632,7,195,4897)
r(2,22636,7,195,4898)
r(3,22640,7,195,4899)
r(13,72354,7,196,4900)
r(9,92588,7,196,4901)
r(3,22640,7,196,4902)
r(0,22632,7,196,4903)
r(0,22632,7,196,4904)
r(1,22637,7,196,4905)
r(0,22632,7,196,4906)
r(0,22632,7,196,4907)
r(7,32446,7,196,4908)
r(2,22636,7,196,4909)
r(18,22628,7,196,4910)
r(0,22632,7,196,4911)
r(0,22632,7,196,4912)
r(8,32445,7,196,4913)
r(13,72354,7,196,4914)
r(19,32437,7,196,4915)
r(0,22632,7,196,4916)
r(0,22632,7,196,4917)
r(4,92619,7,196,4918)
r(0,22632,7,196,4919)
r(10,42572,7,196,4920)
r(9,92588,7,196,4921)
r(0,22632,7,196,4922)
r(11,32452,7,196,4923)
r(8,32445,7,196,4924)
r(4,92721,7,200,5000)
r(1,2597,7,200,5001)
r(7,32446,7,200,5002)
r(16,52444,7,200,5003)
r(4,92721,7,200,5004)
r(0,2609,7,200,5005)
r(0,2609,7,200,5006)
r(4,92721,7,200,5007)
r(9,92709,7,200,5008)
r(1,2597,7,200,5009)
r(10,2602,7,200,5010)
r(14,82557,7,200,5011)
r(7,32446,7,200,5012)
r(1,2597,7,200,5013)
r(7,32446,7,200,5014)
r(2,2600,7,200,5015)
r(3,2605,7,200,5016)
r(0,2609,7,200,5017)
r(4,92721,7,200,5018)
r(1,2597,7,200,5019)
r(3,2605,7,200,5020)
r(10,2602,7,200,5021)
r(3,2605,7,200,5022)
r(9,92709,7,200,5023)
r(0,2609,7,200,5024)
r(0,52519,7,202,5050)
r(0,52519,7,202,5051)
r(4,42686,7,202,5052)
r(0,52519,7,202,5053)
r(19,52512,7,202,5054)
r(12,82538,7,202,5055)
r(1,52516,7,202,5056)
r(8,2618,7,202,5057)
r(4,42686,7,202,5058)
r(2,52520,7,202,5059)
r(0,52519,7,202,5060)
r(0,52519,7,202,5061)
r(0,52519,7,202,5062)
r(19,52512,7,202,5063)
r(6,2606,7,202,5064)
r(4,42686,7,202,5065)
r(4,42686,7,202,5066)
r(1,52516,7,202,5067)
r(3,42681,7,202,5068)
r(0,52519,7,202,5069)
r(0,52519,7,202,5070)
r(0,52519,7,202,5071)
r(6,2606,7,202,5072)
r(14,82557,7,202,5073)
r(4,42686,7,202,5074)
r(0,42783,7,208,5200)
r(7,42757,7,208,5201)
r(2,42774,7,208,5202)
r(0,42783,7,208,5203)
r(6,52596,7,208,5204)
r(1,42772,7,208,5205)
r(12,52555,7,208,5206)
r(10,42782,7,208,5207)
r(0,42783,7,208,5208)
w(12,72581,7,208,5209)
w(11,72582,7,208,5210)
w(1,72583,7,208,5211)
w(6,72584,7,208,5212)
w(1,72585,7,208,5213)
w(0,72586,7,208,5214)
w(3,72587,7,208,5215)
w(19,72588,7,208,5216)
w(0,72589,7,208,5217)
w(7,72590,7,208,5218)
w(0,72591,7,208,5219)
w(0,72592,7,208,5220)
w(11,72593,7,208,5221)
w(1,72594,7,208,5222)
w(14,72595,7,208,5223)
w(5,72596,7,208,5224)
w(15,72649,7,212,5300)
w(0,72650,7,212,5301)
w(9,72651,7,212,5302)
w(4,72652,7,212,5303)
w(1,72653,7,212,5304)
w(10,72654,7,212,5305)
w(6,72655,7,212,5306)
w(0,72656,7,212,5307)
w(0,72657,7,212,5308)
w(13,72658,7,212,5309)
w(4,72659,7,212,5310)
w(14,72660,7,212,5311)
w(9,72661,7,212,5312)
w(7,72662,7,212,5313)
w(1,72663,7,212,5314)
w(0,72664,7,212,5315)
w(0,72665,7,212,5316)
w(15,72666,7,212,5317)
w(16,72667,7,212,5318)
w(0,72668,7,212,5319)
w(1,72669,7,212,5320)
w(0,72670,7,212,5321)
w(1,72671,7,212,5322)
w(0,72672,7,212,5323)
w(0,72673,7,212,5324)
r(8,52741,7,214,5350)
r(4,72659,7,214,5351)
r(2,32791,7,214,5352)
r(0,32797,7,214,5353)
r(1,32799,7,214,5354)
r(0,32797,7,214,5355)
r(2,32791,7,214,5356)
r(4,72659,7,214,5357)
r(3,32800,7,214,5358)
r(1,32799,7,214,5359)
r(4,72659,7,214,5360)
w(9,72690,7,214,5361)
w(14,72691,7,214,5362)
w(11,72692,7,214,5363)
w(18,72693,7,214,5364)
w(8,72694,7,214,5365)
w(5,72695,7,214,5366)
w(18,72696,7,214,5367)
w(5,72697,7,214,5368)
w(2,72698,7,214,5369)
w(18,72699,7,214,5370)
w(1,72700,7,214,5371)
w(8,72701,7,214,5372)
w(11,72702,7,214,5373)
w(4,72703,7,214,5374)
r(5,32821,7,216,5400)
r(15,32826,7,216,5401)
r(0,32816,7,216,5402)
r(1,32822,7,216,5403)
r(7,32818,7,216,5404)
r(14,72691,7,216,5405)
r(0,32816,7,216,5406)
r(17,52730,7,216,5407)
r(5,32821,7,216,5408)
r(0,32816,7,216,5409)
r(7,32818,7,216,5410)
r(2,32828,7,216,5411)
r(19,32819,7,216,5412)
r(1,32822,7,216,5413)
r(0,32816,7,216,5414)
r(0,32816,7,216,5415)
r(2,32828,7,216,5416)
r(0,32816,7,216,5417)
r(10,12621,7,216,5418)
r(5,32821,7,216,5419)
r(0,32816,7,216,5420)
r(0,32816,7,216,5421)
r(11,72702,7,216,5422)
r(2,32828,7,216,5423)
r(0,32816,7,216,5424)
r(3,32825,7,217,5425)
r(8,72701,7,217,5426)
r(4,32824,7,217,5427)
r(5,32821,7,217,5428)
r(6,32827,7,217,5429)
r(0,32816,7,217,5430)
r(0,32816,7,217,5431)
r(2,32828,7,217,5432)
r(2,32828,7,217,5433)
r(0,32816,7,217,5434)
r(3,32825,7,217,5435)
r(2,32828,7,217,5436)
r(19,32819,7,217,5437)
r(8,72701,7,217,5438)
r(10,12621,7,217,5439)
r(14,72691,7,217,5440)
r(11,72702,7,217,5441)
r(10,12621,7,217,5442)
r(0,32816,7,217,5443)
r(0,32816,7,217,5444)
r(3,32825,7,217,5445)
r(1,32822,7,217,5446)
r(13,12624,7,217,5447)
r(0,32816,7,217,5448)
r(3,32825,7,217,5449)
r(13,42975,7,223,5575)
r(4,12716,7,223,5576)
r(12,32896,7,223,5577)
r(4,12716,7,223,5578)
r(4,12716,7,223,5579)
r(3,42979,7,223,5580)
r(2,12720,7,223,5581)
r(2,12720,7,223,5582)
r(4,12716,7,223,5583)
r(9,2834,7,223,5584)
r(0,12715,7,223,5585)
r(0,12715,7,223,5586)
r(0,12715,7,223,5587)
r(17,32902,7,223,5588)
r(6,12712,7,223,5589)
w(3,72805,7,223,5590)
w(11,72806,7,223,5591)
w(1,72807,7,223,5592)
w(3,72808,7,223,5593)
w(7,72809,7,223,5594)
w(1,72810,7,223,5595)
w(13,72811,7,223,5596)
w(4,72812,7,223,5597)
w(3,72813,7,223,5598)
w(3,72814,7,223,5599)
w(0,72815,7,224,5600)
w(1,72816,7,224,5601)
w(0,72817,7,224,5602)
w(16,72818,7,224,5603)
w(12,72819,7,224,5604)
w(0,72820,7,224,5605)
w(0,72821,7,224,5606)
w(5,72822,7,224,5607)
w(11,72823,7,224,5608)
w(19,72824,7,224,5609)
w(12,72825,7,224,5610)
w(0,72826,7,224,5611)
w(0,72827,7,224,5612)
w(1,72828,7,224,5613)
w(0,72829,7,224,5614)
w(1,72830,7,224,5615)
w(4,72831,7,224,5616)
w(5,72832,7,224,5617)
w(4,72833,7,224,5618)
w(5,72834,7,224,5619)
w(3,72835,7,224,5620)
w(0,72836,7,224,5621)
w(4,72837,7,224,5622)
w(6,72838,7,224,5623)
w(7,72839,7,224,5624)
r(0,83035,7,230,5750)
r(9,33019,7,230,5751)
r(0,83035,7,230,5752)
r(9,33019,7,230,5753)
r(1,83028,7,230,5754)
r(9,33019,7,230,5755)
r(0,83035,7,230,5756)
r(0,83035,7,230,5757)
r(5,83029,7,230,5758)
r(0,83035,7,230,5759)
r(0,83035,7,230,5760)
r(0,83035,7,230,5761)
r(0,83035,7,230,5762)
r(3,83032,7,230,5763)
r(13,93149,7,230,5764)
r(0,83035,7,230,5765)
w(0,72931,7,230,5766)
w(14,72932,7,230,5767)
w(15,72933,7,230,5768)
w(2,72934,7,230,5769)
w(0,72935,7,230,5770)
w(0,72936,7,230,5771)
w(0,72937,7,230,5772)
w(4,72938,7,230,5773)
w(0,72939,7,230,5774)
r(0,43195,7,236,5900)
r(19,33088,7,236,5901)
r(2,43189,7,236,5902)
r(5,3078,7,236,5903)
r(0,43195,7,236,5904)
r(4,43193,7,236,5905)
r(0,43195,7,236,5906)
r(7,3072,7,236,5907)
r(18,83092,7,236,5908)
r(5,3078,7,236,5909)
r(5,3078,7,236,5910)
r(8,3076,7,236,5911)
r(5,3078,7,236,5912)
r(9,3066,7,236,5913)
r(0,43195,7,236,5914)
r(5,3078,7,236,5915)
r(0,43195,7,236,5916)
r(6,3061,7,236,5917)
r(2,43189,7,236,5918)
r(0,43195,7,236,5919)
r(8,3076,7,236,5920)
r(5,3078,7,236,5921)
r(11,43196,7,236,5922)
r(0,43195,7,236,5923)
r(13,43198,7,236,5924)
r(1,63088,7,238,5950)
r(5,63081,7,238,5951)
r(3,63059,7,238,5952)
r(3,63059,7,238,5953)
r(15,72933,7,238,5954)
r(1,63088,7,238,5955)
r(9,63085,7,238,5956)
r(0,63091,7,238,5957)
r(1,63088,7,238,5958)
r(1,63088,7,238,5959)
w(13,73042,7,238,5960)
w(1,73043,7,238,5961)
w(3,73044,7,238,5962)
w(18,73045,7,238,5963)
w(17,73046,7,238,5964)
w(4,73047,7,238,5965)
w(0,73048,7,238,5966)
w(5,73049,7,238,5967)
w(0,73050,7,238,5968)
w(13,73051,7,238,5969)
w(8,73052,7,238,5970)
w(11,73053,7,238,5971)
w(2,73054,7,238,5972)
w(6,73055,7,238,5973)
w(8,73056,7,238,5974)
r(8,73056,7,239,5975)
r(19,63072,7,239,5976)
r(0,73050,7,239,5977)
r(0,73050,7,239,5978)
r(1,73043,7,239,5979)
r(0,73050,7,239,5980)
r(15,72933,7,239,5981)
r(2,73054,7,239,5982)
r(1,73043,7,239,5983)
r(5,73049,7,239,5984)
r(15,72933,7,239,5985)
r(2,73054,7,239,5986)
r(7,3072,7,239,5987)
r(16,83038,7,239,5988)
r(11,73053,7,239,5989)
r(1,73043,7,239,5990)
r(0,73050,7,239,5991)
r(15,72933,7,239,5992)
r(6,73055,7,239,5993)
r(14,63102,7,239,5994)
r(6,73055,7,239,5995)
r(3,73044,7,239,5996)
r(2,73054,7,239,5997)
r(4,73047,7,239,5998)
r(6,73055,7,239,5999)
r(10,43197,7,240,6000)
r(1,33165,7,240,6001)
r(0,33171,7,240,6002)
r(8,33167,7,240,6003)
r(2,73054,7,240,6004)
r(0,33171,7,240,6005)
r(0,33171,7,240,6006)
r(0,33171,7,240,6007)
r(8,33167,7,240,6008)
w(0,73057,7,240,6009)
w(5,73058,7,240,6010)
w(17,73059,7,240,6011)
w(1,73060,7,240,6012)
w(3,73061,7,240,6013)
w(7,73062,7,240,6014)
w(3,73063,7,240,6015)
w(16,73064,7,240,6016)
w(1,73065,7,240,6017)
w(0,73066,7,240,6018)
w(14,73067,7,240,6019)
w(15,73068,7,240,6020)
w(3,73069,7,240,6021)
w(0,73070,7,240,6022)
w(0,73071,7,240,6023)
w(0,73072,7,240,6024)
r(16,73064,7,241,6025)
r(13,3106,7,241,6026)
r(0,73072,7,241,6027)
r(1,73065,7,241,6028)
r(0,73072,7,241,6029)
r(1,73065,7,241,6030)
r(5,73058,7,241,6031)
r(18,73045,7,241,6032)
r(6,93290,7,241,6033)
r(2,3108,7,241,6034)
r(16,73064,7,241,6035)
r(0,73072,7,241,6036)
r(0,73072,7,241,6037)
r(1,73065,7,241,6038)
r(3,73069,7,241,6039)
r(0,73072,7,241,6040)
w(3,73073,7,241,6041)
w(0,73074,7,241,6042)
w(0,73075,7,241,6043)
w(0,73076,7,241,6044)
w(2,73077,7,241,6045)
w(0,73078,7,241,6046)
w(0,73079,7,241,6047)
w(2,73080,7,241,6048)
w(0,73081,7,241,6049)
r(1,73065,7,242,6050)
r(3,73073,7,242,6051)
r(0,73081,7,242,6052)
r(1,73065,7,242,6053)
r(6,63142,7,242,6054)
r(0,73081,7,242,6055)
r(14,73067,7,242,6056)
r(0,73081,7,242,6057)
r(10,63128,7,242,6058)
r(12,63129,7,242,6059)
r(6,63142,7,242,6060)
r(1,73065,7,242,6061)
r(15,73068,7,242,6062)
w(0,73082,7,242,6063)
w(14,73083,7,242,6064)
w(0,73084,7,242,6065)
w(5,73085,7,242,6066)
w(11,73086,7,242,6067)
w(1,73087,7,242,6068)
w(0,73088,7,242,6069)
w(17,73089,7,242,6070)
w(3,73090,7,242,6071)
w(11,73091,7,242,6072)
w(6,73092,7,242,6073)
w(4,73093,7,242,6074)
r(9,3141,7,245,6125)
r(7,33221,7,245,6126)
r(1,33214,7,245,6127)
r(10,3142,7,245,6128)
r(0,33218,7,245,6129)
r(3,33215,7,245,6130)
r(18,93327,7,245,6131)
r(15,33201,7,245,6132)
r(2,33220,7,245,6133)
r(13,33223,7,245,6134)
r(0,33218,7,245,6135)
r(10,3142,7,245,6136)
r(17,33206,7,245,6137)
r(0,33218,7,245,6138)
r(8,33204,7,245,6139)
r(6,33205,7,245,6140)
r(1,33214,7,245,6141)
r(0,33218,7,245,6142)
r(1,33214,7,245,6143)
r(0,33218,7,245,6144)
r(3,33215,7,245,6145)
r(4,33222,7,245,6146)
r(13,33223,7,245,6147)
r(0,33218,7,245,6148)
r(0,33218,7,245,6149)
w(0,73159,7,248,6200)
w(11,73160,7,248,6201)
w(14,73161,7,248,6202)
w(15,73162,7,248,6203)
w(6,73163,7,248,6204)
w(6,73164,7,248,6205)
w(5,73165,7,248,6206)
w(0,73166,7,248,6207)
w(0,73167,7,248,6208)
w(0,73168,7,248,6209)
w(0,73169,7,248,6210)
w(1,73170,7,248,6211)
w(1,73171,7,248,6212)
w(7,73172,7,248,6213)
w(11,73173,7,248,6214)
w(6,73174,7,248,6215)
w(0,73175,7,248,6216)
w(4,73176,7,248,6217)
w(11,73177,7,248,6218)
w(3,73178,7,248,6219)
w(1,73179,7,248,6220)
w(2,73180,7,248,6221)
w(2,73181,7,248,6222)
w(1,73182,7,248,6223)
w(0,73183,7,248,6224)
r(10,3142,7,249,6225)
r(5,73165,7,249,6226)
r(2,73181,7,249,6227)
r(0,73183,7,249,6228)
r(1,73182,7,249,6229)
r(15,73162,7,249,6230)
r(2,73181,7,249,6231)
r(4,73176,7,249,6232)
r(2,73181,7,249,6233)
r(0,73183,7,249,6234)
r(0,73183,7,249,6235)
r(18,93327,7,249,6236)
r(15,73162,7,249,6237)
r(17,12993,7,249,6238)
r(13,33223,7,249,6239)
w(0,73184,7,249,6240)
w(3,73185,7,249,6241)
w(3,73186,7,249,6242)
w(17,73187,7,249,6243)
w(16,73188,7,249,6244)
w(8,73189,7,249,6245)
w(6,73190,7,249,6246)
w(0,73191,7,249,6247)
w(15,73192,7,249,6248)
w(1,73193,7,249,6249)
r(0,3243,7,251,6275)
r(0,3243,7,251,6276)
r(0,3243,7,251,6277)
r(1,3240,7,251,6278)
r(0,3243,7,251,6279)
r(1,3240,7,251,6280)
r(1,3240,7,251,6281)
r(2,3247,7,251,6282)
r(3,3248,7,251,6283)
r(0,3243,7,251,6284)
r(0,3243,7,251,6285)
r(1,3240,7,251,6286)
r(0,3243,7,251,6287)
r(17,3233,7,251,6288)
r(1,3240,7,251,6289)
r(0,3243,7,251,6290)
r(0,3243,7,251,6291)
r(3,3248,7,251,6292)
r(2,3247,7,251,6293)
r(3,3248,7,251,6294)
r(0,3243,7,251,6295)
r(7,33293,7,251,6296)
r(11,33276,7,251,6297)
r(7,33293,7,251,6298)
r(2,3247,7,251,6299)
r(1,3330,7,254,6350)
r(16,73188,7,254,6351)
r(6,93382,7,254,6352)
r(3,3248,7,254,6353)
r(0,3336,7,254,6354)
r(7,3327,7,254,6355)
r(0,3336,7,254,6356)
r(15,33322,7,254,6357)
r(4,3335,7,254,6358)
r(0,3336,7,254,6359)
r(0,3336,7,254,6360)
w(11,73233,7,254,6361)
w(0,73234,7,254,6362)
w(2,73235,7,254,6363)
w(0,73236,7,254,6364)
w(3,73237,7,254,6365)
w(1,73238,7,254,6366)
w(0,73239,7,254,6367)
w(5,73240,7,254,6368)
w(19,73241,7,254,6369)
w(5,73242,7,254,6370)
w(0,73243,7,254,6371)
w(4,73244,7,254,6372)
w(6,73245,7,254,6373)
w(4,73246,7,254,6374)
r(2,73235,7,255,6375)
r(0,73243,7,255,6376)
r(1,73238,7,255,6377)
r(0,73243,7,255,6378)
r(12,33350,7,255,6379)
r(1,73238,7,255,6380)
r(2,73235,7,255,6381)
r(5,73242,7,255,6382)
r(1,73238,7,255,6383)
r(1,73238,7,255,6384)
r(5,73242,7,255,6385)
r(0,73243,7,255,6386)
w(7,73247,7,255,6387)
w(0,73248,7,255,6388)
w(0,73249,7,255,6389)
w(6,73250,7,255,6390)
w(14,73251,7,255,6391)
w(0,73252,7,255,6392)
w(3,73253,7,255,6393)
w(3,73254,7,255,6394)
w(14,73255,7,255,6395)
w(1,73256,7,255,6396)
w(3,73257,7,255,6397)
w(0,73258,7,255,6398)
w(0,73259,7,255,6399)
r(0,3398,7,258,6450)
r(2,3388,7,258,6451)
r(1,3386,7,258,6452)
r(1,3386,7,258,6453)
r(0,3398,7,258,6454)
r(11,33391,7,258,6455)
r(3,3400,7,258,6456)
r(1,3386,7,258,6457)
r(9,33401,7,258,6458)
r(5,13135,7,258,6459)
r(9,33401,7,258,6460)
r(3,3400,7,258,6461)
r(0,3398,7,258,6462)
r(0,3398,7,258,6463)
w(0,73284,7,258,6464)
w(0,73285,7,258,6465)
w(13,73286,7,258,6466)
w(1,73287,7,258,6467)
w(9,73288,7,258,6468)
w(4,73289,7,258,6469)
w(1,73290,7,258,6470)
w(1,73291,7,258,6471)
w(7,73292,7,258,6472)
w(0,73293,7,258,6473)
w(8,73294,7,258,6474)
r(5,13135,7,259,6475)
r(4,73289,7,259,6476)
r(18,93327,7,259,6477)
r(1,73291,7,259,6478)
r(1,73291,7,259,6479)
r(8,73294,7,259,6480)
r(3,3400,7,259,6481)
r(6,3414,7,259,6482)
r(18,93327,7,259,6483)
r(3,3400,7,259,6484)
r(0,73293,7,259,6485)
r(1,73291,7,259,6486)
r(4,73289,7,259,6487)
r(3,3400,7,259,6488)
r(0,73293,7,259,6489)
r(6,3414,7,259,6490)
r(2,13147,7,259,6491)
r(0,73293,7,259,6492)
r(0,73293,7,259,6493)
r(6,3414,7,259,6494)
r(3,3400,7,259,6495)
r(0,73293,7,259,6496)
r(1,73291,7,259,6497)
r(2,13147,7,259,6498)
r(5,13135,7,259,6499)
r(0,73293,7,260,6500)
r(0,73293,7,260,6501)
r(0,73293,7,260,6502)
r(2,13147,7,260,6503)
r(4,73289,7,260,6504)
r(0,73293,7,260,6505)
r(0,73293,7,260,6506)
r(4,73289,7,260,6507)
r(2,13147,7,260,6508)
r(14,3413,7,260,6509)
r(0,73293,7,260,6510)
r(0,73293,7,260,6511)
r(1,73291,7,260,6512)
r(1,73291,7,260,6513)
r(0,73293,7,260,6514)
r(2,13147,7,260,6515)
w(13,73295,7,260,6516)
w(16,73296,7,260,6517)
w(10,73297,7,260,6518)
w(2,73298,7,260,6519)
w(11,73299,7,260,6520)
w(15,73300,7,260,6521)
w(1,73301,7,260,6522)
w(3,73302,7,260,6523)
w(6,73303,7,260,6524)
r(1,73301,7,261,6525)
r(1,73301,7,261,6526)
r(13,73295,7,261,6527)
r(15,73300,7,261,6528)
r(5,13135,7,261,6529)
r(5,13135,7,261,6530)
r(0,93509,7,261,6531)
r(1,73301,7,261,6532)
r(9,93503,7,261,6533)
r(5,13135,7,261,6534)
r(0,93509,7,261,6535)
r(4,93507,7,261,6536)
w(12,73304,7,261,6537)
w(2,73305,7,261,6538)
w(16,73306,7,261,6539)
w(3,73307,7,261,6540)
w(5,73308,7,261,6541)
w(10,73309,7,261,6542)
w(0,73310,7,261,6543)
w(3,73311,7,261,6544)
w(9,73312,7,261,6545)
w(11,73313,7,261,6546)
w(4,73314,7,261,6547)
w(16,73315,7,261,6548)
w(0,73316,7,261,6549)
w(0,73317,7,262,6550)
w(1,73318,7,262,6551)
w(10,73319,7,262,6552)
w(0,73320,7,262,6553)
w(8,73321,7,262,6554)
w(0,73322,7,262,6555)
w(10,73323,7,262,6556)
w(13,73324,7,262,6557)
w(0,73325,7,262,6558)
w(3,73326,7,262,6559)
w(6,73327,7,262,6560)
w(1,73328,7,262,6561)
w(1,73329,7,262,6562)
w(13,73330,7,262,6563)
w(10,73331,7,262,6564)
w(6,73332,7,262,6565)
w(1,73333,7,262,6566)
w(2,73334,7,262,6567)
w(0,73335,7,262,6568)
w(2,73336,7,262,6569)
w(13,73337,7,262,6570)
w(1,73338,7,262,6571)
w(8,73339,7,262,6572)
w(2,73340,7,262,6573)
w(4,73341,7,262,6574)
