r(0,50057,4,3,75)
r(4,20022,4,3,76)
r(14,60023,4,3,77)
r(1,20036,4,3,78)
r(0,50057,4,3,79)
r(1,20036,4,3,80)
r(19,90009,4,3,81)
r(11,50055,4,3,82)
r(3,50054,4,3,83)
r(0,50057,4,3,84)
r(13,80019,4,3,85)
r(15,0,4,3,86)
r(8,20032,4,3,87)
r(1,20036,4,3,88)
r(0,50057,4,3,89)
r(0,50057,4,3,90)
r(16,90004,4,3,91)
r(14,60023,4,3,92)
r(0,50057,4,3,93)
r(12,50051,4,3,94)
r(16,90004,4,3,95)
r(16,90004,4,3,96)
r(1,20036,4,3,97)
r(0,50057,4,3,98)
r(1,20036,4,3,99)
w(1,40063,4,6,150)
w(5,40064,4,6,151)
w(1,40065,4,6,152)
w(3,40066,4,6,153)
w(13,40067,4,6,154)
w(15,40068,4,6,155)
w(3,40069,4,6,156)
w(4,40070,4,6,157)
w(0,40071,4,6,158)
w(0,40072,4,6,159)
w(0,40073,4,6,160)
w(1,40074,4,6,161)
w(0,40075,4,6,162)
w(2,40076,4,6,163)
w(1,40077,4,6,164)
w(15,40078,4,6,165)
w(14,40079,4,6,166)
w(3,40080,4,6,167)
w(17,40081,4,6,168)
w(12,40082,4,6,169)
w(0,40083,4,6,170)
w(0,40084,4,6,171)
w(3,40085,4,6,172)
w(0,40086,4,6,173)
w(7,40087,4,6,174)
r(8,20080,4,7,175)
r(0,40086,4,7,176)
r(11,20086,4,7,177)
r(0,40086,4,7,178)
r(1,40077,4,7,179)
r(13,40067,4,7,180)
r(1,40077,4,7,181)
r(2,40076,4,7,182)
r(0,40086,4,7,183)
w(3,40088,4,7,184)
w(4,40089,4,7,185)
w(14,40090,4,7,186)
w(0,40091,4,7,187)
w(0,40092,4,7,188)
w(14,40093,4,7,189)
w(6,40094,4,7,190)
w(8,40095,4,7,191)
w(10,40096,4,7,192)
w(9,40097,4,7,193)
w(3,40098,4,7,194)
w(1,40099,4,7,195)
w(1,40100,4,7,196)
w(0,40101,4,7,197)
w(1,40102,4,7,198)
w(1,40103,4,7,199)
w(3,40127,4,10,250)
w(13,40128,4,10,251)
w(2,40129,4,10,252)
w(10,40130,4,10,253)
w(1,40131,4,10,254)
w(1,40132,4,10,255)
w(2,40133,4,10,256)
w(1,40134,4,10,257)
w(0,40135,4,10,258)
w(7,40136,4,10,259)
w(15,40137,4,10,260)
w(7,40138,4,10,261)
w(13,40139,4,10,262)
w(0,40140,4,10,263)
w(3,40141,4,10,264)
w(15,40142,4,10,265)
w(4,40143,4,10,266)
w(1,40144,4,10,267)
w(9,40145,4,10,268)
w(0,40146,4,10,269)
w(0,40147,4,10,270)
w(8,40148,4,10,271)
w(2,40149,4,10,272)
w(5,40150,4,10,273)
w(1,40151,4,10,274)
r(6,70135,4,12,300)
r(3,40141,4,12,301)
r(1,70152,4,12,302)
r(12,30155,4,12,303)
r(17,40081,4,12,304)
r(6,70135,4,12,305)
r(17,40081,4,12,306)
r(2,30157,4,12,307)
r(1,70152,4,12,308)
r(1,70152,4,12,309)
r(1,70152,4,12,310)
r(2,30157,4,12,311)
r(13,40139,4,12,312)
r(9,30154,4,12,313)
r(6,70135,4,12,314)
r(6,70135,4,12,315)
r(0,30156,4,12,316)
r(9,30154,4,12,317)
r(2,30157,4,12,318)
r(2,30157,4,12,319)
r(1,70152,4,12,320)
r(9,30154,4,12,321)
r(4,70144,4,12,322)
r(0,30156,4,12,323)
r(1,70152,4,12,324)
r(10,70157,4,14,350)
r(2,30157,4,14,351)
r(0,30156,4,14,352)
r(1,70152,4,14,353)
r(1,70152,4,14,354)
r(1,70152,4,14,355)
r(0,30156,4,14,356)
r(17,40081,4,14,357)
r(2,30157,4,14,358)
r(2,30157,4,14,359)
r(2,30157,4,14,360)
r(0,30156,4,14,361)
r(1,70152,4,14,362)
w(12,40183,4,14,363)
w(0,40184,4,14,364)
w(0,40185,4,14,365)
w(7,40186,4,14,366)
w(12,40187,4,14,367)
w(1,40188,4,14,368)
w(9,40189,4,14,369)
w(1,40190,4,14,370)
w(1,40191,4,14,371)
w(10,40192,4,14,372)
w(0,40193,4,14,373)
w(0,40194,4,14,374)
r(1,60153,4,16,400)
r(5,20175,4,16,401)
r(0,50171,4,16,402)
r(3,50168,4,16,403)
r(7,40186,4,16,404)
r(11,50172,4,16,405)
r(19,50170,4,16,406)
r(10,50146,4,16,407)
r(2,50174,4,16,408)
r(8,70196,4,16,409)
r(8,70196,4,16,410)
r(1,60153,4,16,411)
r(5,20175,4,16,412)
w(0,40220,4,16,413)
w(13,40221,4,16,414)
w(9,40222,4,16,415)
w(0,40223,4,16,416)
w(0,40224,4,16,417)
w(3,40225,4,16,418)
w(6,40226,4,16,419)
w(0,40227,4,16,420)
w(3,40228,4,16,421)
w(14,40229,4,16,422)
w(1,40230,4,16,423)
w(0,40231,4,16,424)
r(8,246,4,20,500)
r(0,60217,4,20,501)
r(2,60209,4,20,502)
r(6,60211,4,20,503)
r(14,40229,4,20,504)
r(2,60209,4,20,505)
r(0,60217,4,20,506)
r(7,245,4,20,507)
r(15,10187,4,20,508)
r(11,60215,4,20,509)
r(5,70217,4,20,510)
r(7,245,4,20,511)
r(2,60209,4,20,512)
r(0,60217,4,20,513)
r(0,60217,4,20,514)
r(17,60216,4,20,515)
r(1,60212,4,20,516)
r(1,60212,4,20,517)
r(11,60215,4,20,518)
r(0,60217,4,20,519)
r(12,10190,4,20,520)
r(0,60217,4,20,521)
r(2,60209,4,20,522)
r(11,60215,4,20,523)
r(19,70218,4,20,524)
r(5,90252,4,22,550)
r(1,90251,4,22,551)
r(2,90255,4,22,552)
r(2,90255,4,22,553)
r(10,30226,4,22,554)
r(18,70215,4,22,555)
r(5,90252,4,22,556)
r(0,90256,4,22,557)
r(4,90247,4,22,558)
r(1,90251,4,22,559)
r(7,90250,4,22,560)
r(2,90255,4,22,561)
r(0,90256,4,22,562)
r(10,30226,4,22,563)
r(3,90240,4,22,564)
r(4,90247,4,22,565)
r(0,90256,4,22,566)
r(0,90256,4,22,567)
r(11,90246,4,22,568)
r(3,90240,4,22,569)
r(8,90243,4,22,570)
r(8,90243,4,22,571)
r(4,90247,4,22,572)
r(12,90232,4,22,573)
r(1,90251,4,22,574)
r(10,30226,4,23,575)
r(1,90251,4,23,576)
r(1,90251,4,23,577)
r(13,60189,4,23,578)
r(0,20285,4,23,579)
r(13,60189,4,23,580)
r(0,20285,4,23,581)
r(5,90252,4,23,582)
r(0,20285,4,23,583)
r(0,20285,4,23,584)
r(8,90243,4,23,585)
r(0,20285,4,23,586)
r(2,20284,4,23,587)
r(15,90242,4,23,588)
w(8,40308,4,23,589)
w(3,40309,4,23,590)
w(1,40310,4,23,591)
w(5,40311,4,23,592)
w(5,40312,4,23,593)
w(2,40313,4,23,594)
w(10,40314,4,23,595)
w(5,40315,4,23,596)
w(16,40316,4,23,597)
w(7,40317,4,23,598)
w(10,40318,4,23,599)
r(4,10413,4,34,850)
r(0,30419,4,34,851)
r(1,30412,4,34,852)
r(3,30418,4,34,853)
r(0,30419,4,34,854)
r(9,90465,4,34,855)
r(2,90460,4,34,856)
r(12,30416,4,34,857)
r(4,10413,4,34,858)
r(7,20459,4,34,859)
r(5,90461,4,34,860)
r(1,30412,4,34,861)
r(4,10413,4,34,862)
r(2,90460,4,34,863)
r(7,20459,4,34,864)
r(1,30412,4,34,865)
r(0,30419,4,34,866)
r(0,30419,4,34,867)
r(0,30419,4,34,868)
r(8,90467,4,34,869)
r(0,30419,4,34,870)
r(14,90459,4,34,871)
r(7,20459,4,34,872)
r(0,30419,4,34,873)
r(2,90460,4,34,874)
r(0,20537,4,38,950)
r(2,70482,4,38,951)
r(1,20538,4,38,952)
r(5,20540,4,38,953)
r(1,20538,4,38,954)
r(10,20509,4,38,955)
r(3,70498,4,38,956)
r(2,70482,4,38,957)
r(0,20537,4,38,958)
r(19,70502,4,38,959)
r(4,70493,4,38,960)
r(1,20538,4,38,961)
r(2,70482,4,38,962)
w(0,40498,4,38,963)
w(4,40499,4,38,964)
w(12,40500,4,38,965)
w(0,40501,4,38,966)
w(1,40502,4,38,967)
w(0,40503,4,38,968)
w(2,40504,4,38,969)
w(2,40505,4,38,970)
w(1,40506,4,38,971)
w(1,40507,4,38,972)
w(0,40508,4,38,973)
w(13,40509,4,38,974)
r(2,40505,4,39,975)
r(3,50488,4,39,976)
r(0,40508,4,39,977)
r(0,40508,4,39,978)
r(4,40499,4,39,979)
r(6,20534,4,39,980)
r(0,40508,4,39,981)
r(0,40508,4,39,982)
r(18,50481,4,39,983)
r(8,20535,4,39,984)
r(2,40505,4,39,985)
r(0,40508,4,39,986)
r(0,40508,4,39,987)
r(0,40508,4,39,988)
r(6,20534,4,39,989)
r(2,40505,4,39,990)
r(18,50481,4,39,991)
r(0,40508,4,39,992)
r(1,40507,4,39,993)
r(0,40508,4,39,994)
r(3,50488,4,39,995)
r(0,40508,4,39,996)
r(0,40508,4,39,997)
r(8,20535,4,39,998)
r(0,40508,4,39,999)
r(0,40508,4,40,1000)
r(10,50492,4,40,1001)
r(18,50481,4,40,1002)
r(1,40507,4,40,1003)
r(0,40508,4,40,1004)
r(18,50481,4,40,1005)
r(0,40508,4,40,1006)
r(0,40508,4,40,1007)
r(3,50488,4,40,1008)
r(2,40505,4,40,1009)
r(1,40507,4,40,1010)
r(2,40505,4,40,1011)
r(1,40507,4,40,1012)
w(6,40510,4,40,1013)
w(14,40511,4,40,1014)
w(6,40512,4,40,1015)
w(4,40513,4,40,1016)
w(1,40514,4,40,1017)
w(2,40515,4,40,1018)
w(12,40516,4,40,1019)
w(16,40517,4,40,1020)
w(13,40518,4,40,1021)
w(2,40519,4,40,1022)
w(2,40520,4,40,1023)
w(18,40521,4,40,1024)
r(10,50492,4,41,1025)
r(8,20535,4,41,1026)
r(7,90511,4,41,1027)
r(13,40518,4,41,1028)
r(3,50488,4,41,1029)
r(0,40508,4,41,1030)
r(14,40511,4,41,1031)
r(0,40508,4,41,1032)
r(4,40513,4,41,1033)
r(3,50488,4,41,1034)
r(0,40508,4,41,1035)
r(10,50492,4,41,1036)
r(2,40520,4,41,1037)
r(0,40508,4,41,1038)
r(10,50492,4,41,1039)
r(19,50490,4,41,1040)
r(0,40508,4,41,1041)
r(3,50488,4,41,1042)
r(0,40508,4,41,1043)
r(4,40513,4,41,1044)
r(4,40513,4,41,1045)
r(0,40508,4,41,1046)
r(0,40508,4,41,1047)
r(0,40508,4,41,1048)
r(11,50483,4,41,1049)
r(1,40514,4,42,1050)
r(3,50488,4,42,1051)
r(12,40516,4,42,1052)
r(1,40514,4,42,1053)
r(1,40514,4,42,1054)
r(0,40508,4,42,1055)
r(7,90511,4,42,1056)
r(0,40508,4,42,1057)
r(0,40508,4,42,1058)
r(2,40520,4,42,1059)
r(0,40508,4,42,1060)
r(12,40516,4,42,1061)
r(0,40508,4,42,1062)
r(9,50494,4,42,1063)
r(2,40520,4,42,1064)
r(1,40514,4,42,1065)
r(1,40514,4,42,1066)
r(9,50494,4,42,1067)
r(0,40508,4,42,1068)
r(1,40514,4,42,1069)
r(16,40517,4,42,1070)
r(2,40520,4,42,1071)
r(0,40508,4,42,1072)
r(1,40514,4,42,1073)
r(0,40508,4,42,1074)
r(8,60504,4,45,1125)
r(19,50490,4,45,1126)
r(1,60497,4,45,1127)
r(6,60503,4,45,1128)
r(7,90511,4,45,1129)
r(4,60499,4,45,1130)
r(0,60506,4,45,1131)
r(4,60499,4,45,1132)
r(0,60506,4,45,1133)
r(13,60493,4,45,1134)
r(4,60499,4,45,1135)
r(16,60492,4,45,1136)
r(5,50482,4,45,1137)
w(0,40548,4,45,1138)
w(5,40549,4,45,1139)
w(8,40550,4,45,1140)
w(2,40551,4,45,1141)
w(1,40552,4,45,1142)
w(1,40553,4,45,1143)
w(17,40554,4,45,1144)
w(0,40555,4,45,1145)
w(3,40556,4,45,1146)
w(4,40557,4,45,1147)
w(4,40558,4,45,1148)
w(11,40559,4,45,1149)
r(0,664,4,47,1175)
r(1,663,4,47,1176)
r(9,80608,4,47,1177)
r(5,30587,4,47,1178)
r(3,654,4,47,1179)
r(1,663,4,47,1180)
r(2,30580,4,47,1181)
r(6,30569,4,47,1182)
r(2,30580,4,47,1183)
r(2,30580,4,47,1184)
r(0,664,4,47,1185)
r(4,658,4,47,1186)
r(0,664,4,47,1187)
r(18,657,4,47,1188)
r(10,90646,4,47,1189)
r(3,654,4,47,1190)
r(0,664,4,47,1191)
r(18,657,4,47,1192)
r(0,664,4,47,1193)
r(11,40559,4,47,1194)
r(5,30587,4,47,1195)
r(1,663,4,47,1196)
r(6,30569,4,47,1197)
r(6,30569,4,47,1198)
r(3,654,4,47,1199)
r(1,70597,4,48,1200)
r(8,40550,4,48,1201)
r(0,70598,4,48,1202)
r(14,80601,4,48,1203)
r(2,70596,4,48,1204)
r(0,70598,4,48,1205)
r(2,70596,4,48,1206)
r(1,70597,4,48,1207)
r(2,70596,4,48,1208)
r(0,70598,4,48,1209)
r(8,40550,4,48,1210)
r(7,662,4,48,1211)
r(13,653,4,48,1212)
r(12,60496,4,48,1213)
r(1,70597,4,48,1214)
r(0,70598,4,48,1215)
r(16,30565,4,48,1216)
r(1,70597,4,48,1217)
r(2,70596,4,48,1218)
r(0,70598,4,48,1219)
r(4,658,4,48,1220)
r(3,654,4,48,1221)
r(0,70598,4,48,1222)
r(1,70597,4,48,1223)
r(0,70598,4,48,1224)
r(0,80659,4,50,1250)
r(18,657,4,50,1251)
r(2,50564,4,50,1252)
r(0,80659,4,50,1253)
r(0,80659,4,50,1254)
r(9,50561,4,50,1255)
r(0,80659,4,50,1256)
r(0,80659,4,50,1257)
r(2,50564,4,50,1258)
r(8,80661,4,50,1259)
r(5,50556,4,50,1260)
r(4,50563,4,50,1261)
r(19,50562,4,50,1262)
w(4,40582,4,50,1263)
w(6,40583,4,50,1264)
w(4,40584,4,50,1265)
w(9,40585,4,50,1266)
w(1,40586,4,50,1267)
w(1,40587,4,50,1268)
w(4,40588,4,50,1269)
w(4,40589,4,50,1270)
w(7,40590,4,50,1271)
w(1,40591,4,50,1272)
w(0,40592,4,50,1273)
w(6,40593,4,50,1274)
r(19,50562,4,51,1275)
r(1,40591,4,51,1276)
r(0,40592,4,51,1277)
r(2,50564,4,51,1278)
r(10,50553,4,51,1279)
r(18,657,4,51,1280)
r(3,80662,4,51,1281)
r(6,40593,4,51,1282)
r(1,40591,4,51,1283)
r(2,50564,4,51,1284)
r(3,80662,4,51,1285)
r(1,40591,4,51,1286)
r(0,40592,4,51,1287)
r(14,10583,4,51,1288)
r(15,80658,4,51,1289)
r(1,40591,4,51,1290)
r(0,40592,4,51,1291)
r(1,40591,4,51,1292)
r(5,50556,4,51,1293)
r(6,40593,4,51,1294)
r(0,40592,4,51,1295)
r(4,40589,4,51,1296)
r(9,40585,4,51,1297)
r(0,40592,4,51,1298)
r(1,40591,4,51,1299)
r(7,40590,4,52,1300)
r(13,80660,4,52,1301)
r(3,80662,4,52,1302)
r(2,50564,4,52,1303)
r(0,40592,4,52,1304)
r(7,40590,4,52,1305)
r(1,40591,4,52,1306)
r(1,40591,4,52,1307)
r(5,50556,4,52,1308)
r(14,10583,4,52,1309)
r(0,40592,4,52,1310)
w(0,40594,4,52,1311)
w(6,40595,4,52,1312)
w(6,40596,4,52,1313)
w(18,40597,4,52,1314)
w(7,40598,4,52,1315)
w(10,40599,4,52,1316)
w(2,40600,4,52,1317)
w(0,40601,4,52,1318)
w(0,40602,4,52,1319)
w(4,40603,4,52,1320)
w(1,40604,4,52,1321)
w(0,40605,4,52,1322)
w(9,40606,4,52,1323)
w(1,40607,4,52,1324)
r(3,20693,4,53,1325)
r(6,40596,4,53,1326)
r(13,80660,4,53,1327)
r(4,40603,4,53,1328)
r(2,40600,4,53,1329)
r(11,70620,4,53,1330)
r(1,40607,4,53,1331)
r(0,40605,4,53,1332)
r(4,40603,4,53,1333)
r(5,50556,4,53,1334)
r(3,20693,4,53,1335)
r(0,40605,4,53,1336)
r(5,50556,4,53,1337)
r(0,40605,4,53,1338)
r(7,40598,4,53,1339)
w(2,40608,4,53,1340)
w(6,40609,4,53,1341)
w(4,40610,4,53,1342)
w(1,40611,4,53,1343)
w(13,40612,4,53,1344)
w(1,40613,4,53,1345)
w(10,40614,4,53,1346)
w(0,40615,4,53,1347)
w(1,40616,4,53,1348)
w(2,40617,4,53,1349)
r(4,40610,4,54,1350)
r(10,40614,4,54,1351)
r(1,40616,4,54,1352)
r(12,80652,4,54,1353)
r(1,40616,4,54,1354)
r(7,40598,4,54,1355)
r(7,40598,4,54,1356)
r(3,20693,4,54,1357)
r(2,40617,4,54,1358)
r(1,40616,4,54,1359)
r(0,40615,4,54,1360)
r(2,40617,4,54,1361)
r(1,40616,4,54,1362)
r(11,70620,4,54,1363)
r(0,40615,4,54,1364)
r(17,50560,4,54,1365)
r(0,40615,4,54,1366)
r(0,40615,4,54,1367)
r(10,40614,4,54,1368)
r(2,40617,4,54,1369)
r(1,40616,4,54,1370)
r(2,40617,4,54,1371)
r(0,40615,4,54,1372)
r(3,20693,4,54,1373)
r(3,20693,4,54,1374)
r(3,20693,4,55,1375)
r(12,80652,4,55,1376)
r(4,40610,4,55,1377)
r(0,40615,4,55,1378)
r(1,40616,4,55,1379)
r(14,10583,4,55,1380)
r(14,10583,4,55,1381)
r(7,40598,4,55,1382)
r(14,10583,4,55,1383)
r(0,40615,4,55,1384)
r(15,20688,4,55,1385)
r(0,40615,4,55,1386)
r(3,20693,4,55,1387)
w(1,40618,4,55,1388)
w(0,40619,4,55,1389)
w(6,40620,4,55,1390)
w(0,40621,4,55,1391)
w(0,40622,4,55,1392)
w(5,40623,4,55,1393)
w(9,40624,4,55,1394)
w(10,40625,4,55,1395)
w(0,40626,4,55,1396)
w(4,40627,4,55,1397)
w(0,40628,4,55,1398)
w(7,40629,4,55,1399)
r(10,40625,4,59,1475)
r(3,80698,4,59,1476)
r(3,80698,4,59,1477)
r(18,766,4,59,1478)
r(4,10647,4,59,1479)
r(0,20743,4,59,1480)
r(0,20743,4,59,1481)
r(11,70620,4,59,1482)
r(17,50560,4,59,1483)
r(2,20741,4,59,1484)
r(8,80661,4,59,1485)
r(0,20743,4,59,1486)
r(7,770,4,59,1487)
r(0,20743,4,59,1488)
r(8,80661,4,59,1489)
r(0,20743,4,59,1490)
r(4,10647,4,59,1491)
r(1,20744,4,59,1492)
r(3,80698,4,59,1493)
w(17,40667,4,59,1494)
w(0,40668,4,59,1495)
w(0,40669,4,59,1496)
w(0,40670,4,59,1497)
w(2,40671,4,59,1498)
w(11,40672,4,59,1499)
r(8,50648,4,62,1550)
r(13,30719,4,62,1551)
r(13,30719,4,62,1552)
r(1,50655,4,62,1553)
r(6,50671,4,62,1554)
r(0,50672,4,62,1555)
r(17,40667,4,62,1556)
r(9,50673,4,62,1557)
r(13,30719,4,62,1558)
r(1,50655,4,62,1559)
r(6,50671,4,62,1560)
r(3,50654,4,62,1561)
r(0,50672,4,62,1562)
r(11,60671,4,62,1563)
r(0,50672,4,62,1564)
r(1,50655,4,62,1565)
r(14,50664,4,62,1566)
r(3,50654,4,62,1567)
r(11,60671,4,62,1568)
r(1,50655,4,62,1569)
r(9,50673,4,62,1570)
r(2,50661,4,62,1571)
r(15,763,4,62,1572)
r(5,50650,4,62,1573)
r(0,50672,4,62,1574)
r(4,70738,4,64,1600)
r(4,70738,4,64,1601)
r(8,80796,4,64,1602)
r(0,70736,4,64,1603)
r(17,80779,4,64,1604)
r(9,70739,4,64,1605)
r(0,70736,4,64,1606)
r(0,70736,4,64,1607)
r(3,70740,4,64,1608)
r(17,80779,4,64,1609)
r(2,80797,4,64,1610)
r(0,70736,4,64,1611)
r(9,70739,4,64,1612)
r(9,70739,4,64,1613)
r(5,90787,4,64,1614)
r(1,80803,4,64,1615)
r(2,80797,4,64,1616)
r(0,70736,4,64,1617)
r(18,80792,4,64,1618)
r(9,70739,4,64,1619)
r(7,70744,4,64,1620)
r(7,70744,4,64,1621)
r(3,70740,4,64,1622)
r(9,70739,4,64,1623)
r(13,70742,4,64,1624)
r(8,80796,4,65,1625)
r(0,70736,4,65,1626)
r(1,80803,4,65,1627)
r(13,70742,4,65,1628)
r(1,80803,4,65,1629)
r(0,70736,4,65,1630)
r(0,70736,4,65,1631)
r(0,70736,4,65,1632)
r(13,70742,4,65,1633)
r(0,70736,4,65,1634)
r(0,70736,4,65,1635)
r(3,70740,4,65,1636)
r(3,70740,4,65,1637)
r(1,80803,4,65,1638)
r(2,80797,4,65,1639)
r(8,80796,4,65,1640)
r(0,70736,4,65,1641)
r(7,70744,4,65,1642)
r(0,70736,4,65,1643)
r(5,90787,4,65,1644)
r(14,70737,4,65,1645)
r(1,80803,4,65,1646)
r(17,80779,4,65,1647)
r(16,50669,4,65,1648)
r(8,80796,4,65,1649)
r(2,80797,4,66,1650)
r(2,80797,4,66,1651)
r(0,70736,4,66,1652)
r(8,80796,4,66,1653)
r(0,70736,4,66,1654)
r(0,70736,4,66,1655)
r(5,90787,4,66,1656)
r(4,70738,4,66,1657)
r(17,80779,4,66,1658)
r(5,90787,4,66,1659)
r(0,70736,4,66,1660)
r(7,70744,4,66,1661)
r(0,70736,4,66,1662)
w(10,40725,4,66,1663)
w(3,40726,4,66,1664)
w(2,40727,4,66,1665)
w(2,40728,4,66,1666)
w(16,40729,4,66,1667)
w(4,40730,4,66,1668)
w(0,40731,4,66,1669)
w(0,40732,4,66,1670)
w(0,40733,4,66,1671)
w(16,40734,4,66,1672)
w(7,40735,4,66,1673)
w(0,40736,4,66,1674)
r(17,1031,4,75,1875)
r(0,81019,4,75,1876)
r(6,1024,4,75,1877)
r(17,1031,4,75,1878)
r(0,81019,4,75,1879)
r(1,1026,4,75,1880)
r(0,81019,4,75,1881)
r(0,81019,4,75,1882)
r(0,81019,4,75,1883)
r(9,81010,4,75,1884)
r(1,1026,4,75,1885)
r(0,81019,4,75,1886)
r(14,20981,4,75,1887)
r(5,81016,4,75,1888)
r(2,1030,4,75,1889)
r(0,81019,4,75,1890)
r(17,1031,4,75,1891)
r(2,1030,4,75,1892)
r(6,1024,4,75,1893)
r(17,1031,4,75,1894)
r(6,1024,4,75,1895)
r(5,81016,4,75,1896)
r(2,1030,4,75,1897)
r(0,81019,4,75,1898)
r(17,1031,4,75,1899)
r(14,1038,4,77,1925)
r(0,50880,4,77,1926)
r(3,50879,4,77,1927)
r(0,50880,4,77,1928)
r(3,50879,4,77,1929)
r(15,60938,4,77,1930)
r(0,50880,4,77,1931)
r(6,81034,4,77,1932)
r(14,1038,4,77,1933)
r(0,50880,4,77,1934)
r(0,50880,4,77,1935)
r(1,81036,4,77,1936)
r(17,50877,4,77,1937)
r(8,50881,4,77,1938)
r(5,81040,4,77,1939)
r(16,50813,4,77,1940)
r(0,50880,4,77,1941)
r(0,50880,4,77,1942)
r(0,50880,4,77,1943)
r(10,81039,4,77,1944)
r(1,81036,4,77,1945)
r(3,50879,4,77,1946)
r(6,81034,4,77,1947)
r(1,81036,4,77,1948)
r(1,81036,4,77,1949)
r(1,60954,4,78,1950)
r(15,60938,4,78,1951)
r(1,60954,4,78,1952)
r(0,60958,4,78,1953)
r(5,81040,4,78,1954)
r(0,60958,4,78,1955)
r(0,60958,4,78,1956)
r(15,60938,4,78,1957)
r(10,81039,4,78,1958)
r(0,60958,4,78,1959)
r(2,50883,4,78,1960)
r(1,60954,4,78,1961)
r(10,81039,4,78,1962)
r(5,81040,4,78,1963)
r(0,60958,4,78,1964)
r(4,60955,4,78,1965)
r(5,81040,4,78,1966)
r(3,60951,4,78,1967)
r(9,81010,4,78,1968)
r(13,30988,4,78,1969)
r(0,60958,4,78,1970)
r(7,60957,4,78,1971)
r(0,60958,4,78,1972)
r(0,60958,4,78,1973)
r(0,60958,4,78,1974)
w(7,40933,4,83,2075)
w(15,40934,4,83,2076)
w(7,40935,4,83,2077)
w(2,40936,4,83,2078)
w(7,40937,4,83,2079)
w(16,40938,4,83,2080)
w(8,40939,4,83,2081)
w(5,40940,4,83,2082)
w(1,40941,4,83,2083)
w(0,40942,4,83,2084)
w(0,40943,4,83,2085)
w(3,40944,4,83,2086)
w(9,40945,4,83,2087)
w(6,40946,4,83,2088)
w(8,40947,4,83,2089)
w(6,40948,4,83,2090)
w(11,40949,4,83,2091)
w(10,40950,4,83,2092)
w(1,40951,4,83,2093)
w(0,40952,4,83,2094)
w(8,40953,4,83,2095)
w(13,40954,4,83,2096)
w(17,40955,4,83,2097)
w(0,40956,4,83,2098)
w(2,40957,4,83,2099)
w(1,41010,4,88,2200)
w(0,41011,4,88,2201)
w(1,41012,4,88,2202)
w(17,41013,4,88,2203)
w(3,41014,4,88,2204)
w(0,41015,4,88,2205)
w(0,41016,4,88,2206)
w(16,41017,4,88,2207)
w(16,41018,4,88,2208)
w(9,41019,4,88,2209)
w(6,41020,4,88,2210)
w(14,41021,4,88,2211)
w(6,41022,4,88,2212)
w(15,41023,4,88,2213)
w(8,41024,4,88,2214)
w(11,41025,4,88,2215)
w(3,41026,4,88,2216)
w(1,41027,4,88,2217)
w(3,41028,4,88,2218)
w(10,41029,4,88,2219)
w(16,41030,4,88,2220)
w(3,41031,4,88,2221)
w(4,41032,4,88,2222)
w(1,41033,4,88,2223)
w(0,41034,4,88,2224)
r(0,41034,4,89,2225)
r(0,41034,4,89,2226)
r(2,61095,4,89,2227)
r(3,41031,4,89,2228)
r(8,41024,4,89,2229)
r(1,41033,4,89,2230)
r(0,41034,4,89,2231)
r(0,41034,4,89,2232)
r(0,41034,4,89,2233)
r(0,41034,4,89,2234)
r(2,61095,4,89,2235)
r(0,41034,4,89,2236)
r(6,41022,4,89,2237)
r(1,41033,4,89,2238)
r(1,41033,4,89,2239)
r(7,31086,4,89,2240)
r(1,41033,4,89,2241)
r(1,41033,4,89,2242)
w(0,41035,4,89,2243)
w(6,41036,4,89,2244)
w(0,41037,4,89,2245)
w(1,41038,4,89,2246)
w(2,41039,4,89,2247)
w(3,41040,4,89,2248)
w(10,41041,4,89,2249)
r(18,21197,4,93,2325)
r(1,71023,4,93,2326)
r(11,21198,4,93,2327)
r(7,51043,4,93,2328)
r(3,71018,4,93,2329)
r(3,71018,4,93,2330)
r(5,71021,4,93,2331)
r(4,71022,4,93,2332)
r(0,71017,4,93,2333)
r(12,21202,4,93,2334)
r(2,71019,4,93,2335)
r(4,71022,4,93,2336)
r(0,71017,4,93,2337)
r(1,71023,4,93,2338)
r(0,71017,4,93,2339)
r(1,71023,4,93,2340)
w(0,41095,4,93,2341)
w(0,41096,4,93,2342)
w(0,41097,4,93,2343)
w(13,41098,4,93,2344)
w(18,41099,4,93,2345)
w(3,41100,4,93,2346)
w(5,41101,4,93,2347)
w(4,41102,4,93,2348)
w(2,41103,4,93,2349)
r(0,51095,4,95,2375)
r(1,71064,4,95,2376)
r(0,51095,4,95,2377)
r(0,51095,4,95,2378)
r(15,61192,4,95,2379)
r(0,51095,4,95,2380)
r(2,51085,4,95,2381)
r(0,51095,4,95,2382)
r(1,71064,4,95,2383)
r(9,11063,4,95,2384)
r(13,41098,4,95,2385)
r(5,51088,4,95,2386)
r(0,51095,4,95,2387)
r(0,51095,4,95,2388)
r(11,21198,4,95,2389)
r(7,51091,4,95,2390)
r(0,51095,4,95,2391)
r(2,51085,4,95,2392)
r(4,71060,4,95,2393)
r(0,51095,4,95,2394)
r(3,71061,4,95,2395)
r(5,51088,4,95,2396)
r(4,71060,4,95,2397)
r(5,51088,4,95,2398)
r(9,11063,4,95,2399)
r(16,71065,4,97,2425)
r(8,71056,4,97,2426)
r(0,11099,4,97,2427)
r(1,11100,4,97,2428)
r(13,11089,4,97,2429)
r(6,61179,4,97,2430)
r(1,11100,4,97,2431)
r(0,11099,4,97,2432)
r(3,11096,4,97,2433)
r(19,11097,4,97,2434)
r(2,11088,4,97,2435)
r(17,51093,4,97,2436)
r(3,11096,4,97,2437)
r(17,51093,4,97,2438)
r(0,11099,4,97,2439)
r(2,11088,4,97,2440)
r(0,11099,4,97,2441)
r(1,11100,4,97,2442)
r(0,11099,4,97,2443)
r(6,61179,4,97,2444)
r(4,11095,4,97,2445)
r(2,11088,4,97,2446)
r(2,11088,4,97,2447)
r(3,11096,4,97,2448)
r(0,11099,4,97,2449)
r(0,51137,4,99,2475)
r(0,51137,4,99,2476)
r(13,51132,4,99,2477)
r(0,51137,4,99,2478)
r(6,51142,4,99,2479)
r(12,71135,4,99,2480)
r(2,51140,4,99,2481)
r(2,51140,4,99,2482)
r(9,71131,4,99,2483)
r(4,71138,4,99,2484)
r(0,51137,4,99,2485)
r(8,21287,4,99,2486)
r(4,71138,4,99,2487)
r(0,51137,4,99,2488)
r(0,51137,4,99,2489)
r(15,61192,4,99,2490)
r(19,71137,4,99,2491)
r(5,71129,4,99,2492)
r(0,51137,4,99,2493)
r(7,21285,4,99,2494)
r(8,21287,4,99,2495)
r(4,71138,4,99,2496)
r(6,51142,4,99,2497)
r(0,51137,4,99,2498)
r(9,71131,4,99,2499)
r(0,51137,4,100,2500)
r(1,51141,4,100,2501)
r(18,51131,4,100,2502)
r(1,51141,4,100,2503)
r(12,71135,4,100,2504)
r(2,51140,4,100,2505)
r(1,51141,4,100,2506)
r(1,51141,4,100,2507)
r(1,51141,4,100,2508)
r(0,51137,4,100,2509)
r(0,51137,4,100,2510)
r(0,51137,4,100,2511)
r(0,51137,4,100,2512)
w(15,41179,4,100,2513)
w(0,41180,4,100,2514)
w(18,41181,4,100,2515)
w(6,41182,4,100,2516)
w(14,41183,4,100,2517)
w(6,41184,4,100,2518)
w(6,41185,4,100,2519)
w(17,41186,4,100,2520)
w(2,41187,4,100,2521)
w(0,41188,4,100,2522)
w(0,41189,4,100,2523)
w(8,41190,4,100,2524)
r(10,91407,4,104,2600)
r(1,51190,4,104,2601)
r(4,51185,4,104,2602)
r(6,51191,4,104,2603)
r(11,21198,4,104,2604)
r(13,91410,4,104,2605)
r(1,51190,4,104,2606)
r(1,51190,4,104,2607)
r(11,21198,4,104,2608)
r(5,91415,4,104,2609)
r(0,51183,4,104,2610)
r(4,51185,4,104,2611)
w(16,41254,4,104,2612)
w(0,41255,4,104,2613)
w(5,41256,4,104,2614)
w(19,41257,4,104,2615)
w(0,41258,4,104,2616)
w(9,41259,4,104,2617)
w(11,41260,4,104,2618)
w(1,41261,4,104,2619)
w(10,41262,4,104,2620)
w(7,41263,4,104,2621)
w(2,41264,4,104,2622)
w(0,41265,4,104,2623)
w(0,41266,4,104,2624)
r(1,1428,4,109,2725)
r(1,1428,4,109,2726)
r(0,1435,4,109,2727)
r(2,1429,4,109,2728)
r(4,1434,4,109,2729)
r(13,31302,4,109,2730)
r(7,41263,4,109,2731)
r(11,41260,4,109,2732)
r(16,1423,4,109,2733)
w(12,41326,4,109,2734)
w(1,41327,4,109,2735)
w(6,41328,4,109,2736)
w(15,41329,4,109,2737)
w(2,41330,4,109,2738)
w(1,41331,4,109,2739)
w(11,41332,4,109,2740)
w(15,41333,4,109,2741)
w(1,41334,4,109,2742)
w(1,41335,4,109,2743)
w(1,41336,4,109,2744)
w(0,41337,4,109,2745)
w(2,41338,4,109,2746)
w(0,41339,4,109,2747)
w(13,41340,4,109,2748)
w(0,41341,4,109,2749)
r(1,41336,4,110,2750)
r(0,41341,4,110,2751)
r(0,41341,4,110,2752)
r(0,41341,4,110,2753)
r(1,41336,4,110,2754)
r(0,41341,4,110,2755)
r(0,41341,4,110,2756)
r(0,41341,4,110,2757)
r(4,1434,4,110,2758)
w(4,41342,4,110,2759)
w(1,41343,4,110,2760)
w(4,41344,4,110,2761)
w(0,41345,4,110,2762)
w(0,41346,4,110,2763)
w(1,41347,4,110,2764)
w(0,41348,4,110,2765)
w(0,41349,4,110,2766)
w(0,41350,4,110,2767)
w(14,41351,4,110,2768)
w(0,41352,4,110,2769)
w(3,41353,4,110,2770)
w(0,41354,4,110,2771)
w(3,41355,4,110,2772)
w(0,41356,4,110,2773)
w(14,41357,4,110,2774)
w(14,41358,4,111,2775)
w(3,41359,4,111,2776)
w(7,41360,4,111,2777)
w(0,41361,4,111,2778)
w(13,41362,4,111,2779)
w(2,41363,4,111,2780)
w(0,41364,4,111,2781)
w(2,41365,4,111,2782)
w(0,41366,4,111,2783)
w(0,41367,4,111,2784)
w(11,41368,4,111,2785)
w(1,41369,4,111,2786)
w(2,41370,4,111,2787)
w(0,41371,4,111,2788)
w(19,41372,4,111,2789)
w(3,41373,4,111,2790)
w(7,41374,4,111,2791)
w(15,41375,4,111,2792)
w(1,41376,4,111,2793)
w(0,41377,4,111,2794)
w(3,41378,4,111,2795)
w(7,41379,4,111,2796)
w(0,41380,4,111,2797)
w(3,41381,4,111,2798)
w(1,41382,4,111,2799)
r(6,31467,4,117,2925)
r(8,31468,4,117,2926)
r(14,31474,4,117,2927)
r(0,31472,4,117,2928)
r(12,31463,4,117,2929)
r(1,51388,4,117,2930)
r(11,31464,4,117,2931)
r(2,51376,4,117,2932)
r(15,91596,4,117,2933)
r(1,51388,4,117,2934)
r(0,31472,4,117,2935)
r(1,51388,4,117,2936)
r(9,31473,4,117,2937)
r(13,91569,4,117,2938)
r(7,91586,4,117,2939)
r(1,51388,4,117,2940)
r(3,31466,4,117,2941)
r(0,31472,4,117,2942)
r(0,31472,4,117,2943)
r(2,51376,4,117,2944)
r(1,51388,4,117,2945)
r(13,91569,4,117,2946)
r(3,31466,4,117,2947)
r(0,31472,4,117,2948)
r(2,51376,4,117,2949)
r(2,71438,4,121,3025)
r(1,71437,4,121,3026)
r(19,21541,4,121,3027)
r(0,71436,4,121,3028)
r(2,71438,4,121,3029)
r(17,21528,4,121,3030)
r(6,71426,4,121,3031)
r(2,71438,4,121,3032)
r(0,71436,4,121,3033)
r(10,21532,4,121,3034)
r(0,71436,4,121,3035)
r(2,71438,4,121,3036)
r(11,71434,4,121,3037)
w(6,41520,4,121,3038)
w(0,41521,4,121,3039)
w(1,41522,4,121,3040)
w(1,41523,4,121,3041)
w(0,41524,4,121,3042)
w(1,41525,4,121,3043)
w(7,41526,4,121,3044)
w(0,41527,4,121,3045)
w(3,41528,4,121,3046)
w(2,41529,4,121,3047)
w(5,41530,4,121,3048)
w(1,41531,4,121,3049)
r(11,61629,4,127,3175)
r(0,31568,4,127,3176)
r(0,31568,4,127,3177)
r(0,31568,4,127,3178)
r(0,31568,4,127,3179)
r(3,31556,4,127,3180)
r(9,31566,4,127,3181)
r(2,31557,4,127,3182)
r(1,31560,4,127,3183)
r(13,61631,4,127,3184)
r(0,31568,4,127,3185)
r(1,31560,4,127,3186)
r(0,31568,4,127,3187)
r(0,31568,4,127,3188)
r(1,31560,4,127,3189)
r(4,61627,4,127,3190)
r(1,31560,4,127,3191)
r(9,31566,4,127,3192)
r(15,31570,4,127,3193)
r(3,31556,4,127,3194)
r(1,31560,4,127,3195)
r(3,31556,4,127,3196)
r(17,61634,4,127,3197)
r(2,31557,4,127,3198)
r(17,61634,4,127,3199)
r(18,31569,4,128,3200)
r(10,31562,4,128,3201)
r(6,31565,4,128,3202)
r(5,31561,4,128,3203)
r(14,81630,4,128,3204)
r(6,31565,4,128,3205)
r(7,81629,4,128,3206)
r(19,31563,4,128,3207)
r(4,61627,4,128,3208)
r(0,31568,4,128,3209)
r(0,31568,4,128,3210)
r(1,31560,4,128,3211)
r(2,31557,4,128,3212)
r(10,31562,4,128,3213)
r(16,11409,4,128,3214)
r(16,11409,4,128,3215)
r(0,31568,4,128,3216)
r(18,31569,4,128,3217)
r(10,31562,4,128,3218)
r(14,81630,4,128,3219)
r(0,31568,4,128,3220)
r(0,31568,4,128,3221)
r(2,31557,4,128,3222)
r(2,31557,4,128,3223)
r(5,31561,4,128,3224)
r(4,61627,4,129,3225)
r(1,21684,4,129,3226)
r(1,21684,4,129,3227)
r(19,31563,4,129,3228)
r(0,21688,4,129,3229)
r(11,61629,4,129,3230)
r(5,21677,4,129,3231)
r(3,21680,4,129,3232)
r(0,21688,4,129,3233)
r(6,31565,4,129,3234)
r(8,21651,4,129,3235)
w(0,41626,4,129,3236)
w(3,41627,4,129,3237)
w(0,41628,4,129,3238)
w(1,41629,4,129,3239)
w(6,41630,4,129,3240)
w(1,41631,4,129,3241)
w(5,41632,4,129,3242)
w(8,41633,4,129,3243)
w(0,41634,4,129,3244)
w(0,41635,4,129,3245)
w(4,41636,4,129,3246)
w(1,41637,4,129,3247)
w(2,41638,4,129,3248)
w(3,41639,4,129,3249)
r(9,21683,4,132,3300)
r(8,21713,4,132,3301)
r(1,21735,4,132,3302)
r(13,21727,4,132,3303)
r(5,21725,4,132,3304)
r(7,21739,4,132,3305)
r(0,21738,4,132,3306)
r(0,21738,4,132,3307)
r(17,21732,4,132,3308)
r(0,21738,4,132,3309)
r(1,21735,4,132,3310)
r(0,21738,4,132,3311)
r(10,31562,4,132,3312)
r(0,21738,4,132,3313)
r(4,21740,4,132,3314)
r(2,21731,4,132,3315)
r(3,21711,4,132,3316)
r(15,31570,4,132,3317)
r(5,21725,4,132,3318)
r(12,21737,4,132,3319)
r(8,21713,4,132,3320)
r(9,21683,4,132,3321)
r(8,21713,4,132,3322)
r(0,21738,4,132,3323)
r(18,21703,4,132,3324)
r(18,21703,4,133,3325)
r(0,91759,4,133,3326)
r(1,21735,4,133,3327)
r(15,31570,4,133,3328)
r(4,21740,4,133,3329)
r(15,31570,4,133,3330)
r(17,21732,4,133,3331)
r(13,21727,4,133,3332)
r(8,21713,4,133,3333)
r(14,21729,4,133,3334)
r(0,91759,4,133,3335)
r(1,21735,4,133,3336)
r(2,91762,4,133,3337)
r(5,21725,4,133,3338)
r(1,21735,4,133,3339)
r(11,91760,4,133,3340)
r(1,21735,4,133,3341)
r(1,21735,4,133,3342)
r(14,21729,4,133,3343)
r(2,91762,4,133,3344)
r(14,21729,4,133,3345)
r(0,91759,4,133,3346)
r(0,91759,4,133,3347)
r(12,91755,4,133,3348)
r(0,91759,4,133,3349)
w(0,41669,4,134,3350)
w(14,41670,4,134,3351)
w(1,41671,4,134,3352)
w(0,41672,4,134,3353)
w(0,41673,4,134,3354)
w(1,41674,4,134,3355)
w(1,41675,4,134,3356)
w(6,41676,4,134,3357)
w(0,41677,4,134,3358)
w(0,41678,4,134,3359)
w(4,41679,4,134,3360)
w(3,41680,4,134,3361)
w(5,41681,4,134,3362)
w(7,41682,4,134,3363)
w(0,41683,4,134,3364)
w(4,41684,4,134,3365)
w(0,41685,4,134,3366)
w(2,41686,4,134,3367)
w(0,41687,4,134,3368)
w(0,41688,4,134,3369)
w(11,41689,4,134,3370)
w(17,41690,4,134,3371)
w(14,41691,4,134,3372)
w(13,41692,4,134,3373)
w(19,41693,4,134,3374)
r(2,31669,4,138,3450)
r(5,51611,4,138,3451)
r(0,31679,4,138,3452)
r(3,31681,4,138,3453)
r(0,31679,4,138,3454)
r(3,31681,4,138,3455)
r(12,91755,4,138,3456)
r(2,31669,4,138,3457)
r(1,31670,4,138,3458)
r(14,51599,4,138,3459)
r(8,31680,4,138,3460)
r(3,31681,4,138,3461)
r(1,31670,4,138,3462)
r(0,31679,4,138,3463)
r(8,31680,4,138,3464)
r(17,61704,4,138,3465)
r(10,31677,4,138,3466)
r(0,31679,4,138,3467)
r(1,31670,4,138,3468)
r(1,31670,4,138,3469)
r(14,51599,4,138,3470)
r(0,31679,4,138,3471)
r(0,31679,4,138,3472)
r(14,51599,4,138,3473)
r(8,31680,4,138,3474)
r(1,31693,4,140,3500)
r(6,31699,4,140,3501)
r(4,31696,4,140,3502)
r(0,31698,4,140,3503)
r(12,91755,4,140,3504)
r(0,31698,4,140,3505)
r(5,51611,4,140,3506)
r(4,31696,4,140,3507)
r(4,31696,4,140,3508)
r(5,51611,4,140,3509)
r(5,51611,4,140,3510)
r(0,31698,4,140,3511)
r(9,51612,4,140,3512)
r(1,31693,4,140,3513)
r(5,51611,4,140,3514)
r(0,31698,4,140,3515)
r(14,51599,4,140,3516)
r(0,31698,4,140,3517)
r(0,31698,4,140,3518)
r(5,51611,4,140,3519)
r(7,31682,4,140,3520)
r(3,31697,4,140,3521)
r(1,31693,4,140,3522)
r(6,31699,4,140,3523)
r(4,31696,4,140,3524)
r(4,11617,4,145,3625)
r(5,11615,4,145,3626)
r(9,11622,4,145,3627)
r(0,11639,4,145,3628)
r(1,11632,4,145,3629)
r(1,11632,4,145,3630)
r(18,61834,4,145,3631)
r(13,61833,4,145,3632)
r(0,11639,4,145,3633)
r(0,11639,4,145,3634)
r(0,11639,4,145,3635)
r(18,61834,4,145,3636)
r(3,11604,4,145,3637)
r(0,11639,4,145,3638)
r(2,11636,4,145,3639)
r(10,61836,4,145,3640)
w(2,41854,4,145,3641)
w(0,41855,4,145,3642)
w(0,41856,4,145,3643)
w(2,41857,4,145,3644)
w(2,41858,4,145,3645)
w(4,41859,4,145,3646)
w(13,41860,4,145,3647)
w(0,41861,4,145,3648)
w(1,41862,4,145,3649)
r(8,11671,4,148,3700)
r(0,11670,4,148,3701)
r(7,51745,4,148,3702)
r(5,51748,4,148,3703)
r(4,51739,4,148,3704)
r(0,11670,4,148,3705)
r(2,11673,4,148,3706)
r(2,11673,4,148,3707)
r(2,11673,4,148,3708)
r(4,51739,4,148,3709)
r(6,71755,4,148,3710)
r(1,51747,4,148,3711)
r(0,11670,4,148,3712)
r(1,51747,4,148,3713)
r(19,51742,4,148,3714)
w(14,41908,4,148,3715)
w(15,41909,4,148,3716)
w(0,41910,4,148,3717)
w(11,41911,4,148,3718)
w(3,41912,4,148,3719)
w(2,41913,4,148,3720)
w(9,41914,4,148,3721)
w(4,41915,4,148,3722)
w(2,41916,4,148,3723)
w(0,41917,4,148,3724)
r(13,51770,4,152,3800)
r(0,1934,4,152,3801)
r(3,1924,4,152,3802)
r(0,1934,4,152,3803)
r(0,1934,4,152,3804)
r(1,1935,4,152,3805)
r(0,1934,4,152,3806)
r(5,1930,4,152,3807)
r(1,1935,4,152,3808)
r(3,1924,4,152,3809)
r(9,51797,4,152,3810)
r(0,1934,4,152,3811)
r(3,1924,4,152,3812)
r(5,1930,4,152,3813)
r(3,1924,4,152,3814)
r(0,1934,4,152,3815)
r(0,1934,4,152,3816)
r(13,51770,4,152,3817)
r(12,51786,4,152,3818)
r(0,1934,4,152,3819)
r(1,1935,4,152,3820)
r(0,1934,4,152,3821)
r(12,51786,4,152,3822)
r(0,1934,4,152,3823)
r(5,1930,4,152,3824)
r(6,21996,4,154,3850)
r(0,92043,4,154,3851)
r(19,21999,4,154,3852)
r(5,22003,4,154,3853)
r(9,92033,4,154,3854)
r(0,92043,4,154,3855)
r(0,92043,4,154,3856)
r(2,92045,4,154,3857)
r(12,51786,4,154,3858)
r(4,21997,4,154,3859)
r(16,81914,4,154,3860)
r(6,21996,4,154,3861)
r(0,92043,4,154,3862)
r(16,81914,4,154,3863)
r(12,51786,4,154,3864)
r(2,92045,4,154,3865)
r(3,92035,4,154,3866)
r(2,92045,4,154,3867)
r(2,92045,4,154,3868)
r(1,92038,4,154,3869)
r(0,92043,4,154,3870)
r(7,51784,4,154,3871)
r(13,81911,4,154,3872)
r(19,21999,4,154,3873)
r(0,92043,4,154,3874)
r(0,31883,4,157,3925)
r(6,21996,4,157,3926)
r(7,31878,4,157,3927)
r(13,31875,4,157,3928)
r(5,31884,4,157,3929)
r(5,31884,4,157,3930)
r(15,11749,4,157,3931)
r(10,11750,4,157,3932)
r(3,31882,4,157,3933)
r(0,31883,4,157,3934)
r(5,31884,4,157,3935)
r(0,31883,4,157,3936)
r(6,21996,4,157,3937)
w(0,41993,4,157,3938)
w(0,41994,4,157,3939)
w(3,41995,4,157,3940)
w(0,41996,4,157,3941)
w(0,41997,4,157,3942)
w(12,41998,4,157,3943)
w(4,41999,4,157,3944)
w(6,42000,4,157,3945)
w(1,42001,4,157,3946)
w(0,42002,4,157,3947)
w(1,42003,4,157,3948)
w(11,42004,4,157,3949)
r(1,42003,4,158,3950)
r(3,41995,4,158,3951)
r(3,41995,4,158,3952)
r(12,41998,4,158,3953)
r(1,42003,4,158,3954)
r(0,42002,4,158,3955)
r(0,42002,4,158,3956)
r(1,42003,4,158,3957)
r(0,42002,4,158,3958)
r(1,42003,4,158,3959)
r(6,42000,4,158,3960)
r(7,31878,4,158,3961)
r(4,41999,4,158,3962)
r(0,42002,4,158,3963)
r(8,11763,4,158,3964)
r(3,41995,4,158,3965)
r(7,31878,4,158,3966)
r(5,31884,4,158,3967)
r(0,42002,4,158,3968)
r(8,11763,4,158,3969)
r(3,41995,4,158,3970)
r(7,31878,4,158,3971)
r(0,42002,4,158,3972)
r(5,31884,4,158,3973)
r(8,11763,4,158,3974)
r(0,92108,4,160,4000)
r(11,51893,4,160,4001)
r(3,92107,4,160,4002)
r(7,51896,4,160,4003)
r(1,92106,4,160,4004)
r(0,92108,4,160,4005)
r(13,31875,4,160,4006)
r(1,92106,4,160,4007)
r(1,92106,4,160,4008)
r(2,92103,4,160,4009)
r(16,51898,4,160,4010)
r(0,92108,4,160,4011)
r(1,92106,4,160,4012)
r(18,91992,4,160,4013)
r(7,51896,4,160,4014)
r(2,92103,4,160,4015)
r(0,92108,4,160,4016)
r(0,92108,4,160,4017)
r(0,92108,4,160,4018)
r(19,21999,4,160,4019)
r(8,92092,4,160,4020)
r(9,51879,4,160,4021)
r(8,92092,4,160,4022)
r(1,92106,4,160,4023)
r(0,92108,4,160,4024)
r(1,2037,4,163,4075)
r(4,2021,4,163,4076)
r(11,2025,4,163,4077)
r(3,2033,4,163,4078)
r(4,2021,4,163,4079)
r(0,2035,4,163,4080)
r(5,2038,4,163,4081)
r(15,51881,4,163,4082)
r(5,2038,4,163,4083)
r(8,2019,4,163,4084)
r(4,2021,4,163,4085)
r(1,2037,4,163,4086)
r(5,2038,4,163,4087)
r(12,92111,4,163,4088)
r(0,2035,4,163,4089)
r(4,2021,4,163,4090)
r(0,2035,4,163,4091)
r(3,2033,4,163,4092)
r(0,2035,4,163,4093)
r(5,2038,4,163,4094)
r(18,91992,4,163,4095)
r(1,2037,4,163,4096)
r(3,2033,4,163,4097)
r(0,2035,4,163,4098)
r(5,2038,4,163,4099)
r(0,62041,4,165,4125)
r(0,62041,4,165,4126)
r(0,62041,4,165,4127)
r(0,62041,4,165,4128)
r(1,62038,4,165,4129)
r(0,62041,4,165,4130)
r(1,62038,4,165,4131)
r(6,81984,4,165,4132)
r(10,81991,4,165,4133)
r(13,62031,4,165,4134)
r(0,62041,4,165,4135)
r(10,81991,4,165,4136)
r(11,2025,4,165,4137)
r(17,51892,4,165,4138)
r(0,62041,4,165,4139)
r(1,62038,4,165,4140)
r(1,62038,4,165,4141)
r(11,2025,4,165,4142)
r(13,62031,4,165,4143)
r(4,71912,4,165,4144)
r(4,71912,4,165,4145)
r(4,71912,4,165,4146)
r(7,62039,4,165,4147)
r(11,2025,4,165,4148)
r(3,71922,4,165,4149)
r(0,62041,4,166,4150)
r(3,71922,4,166,4151)
r(0,62041,4,166,4152)
r(1,62038,4,166,4153)
r(1,62038,4,166,4154)
r(10,81991,4,166,4155)
r(3,71922,4,166,4156)
r(8,62036,4,166,4157)
r(7,62039,4,166,4158)
r(4,71912,4,166,4159)
r(1,62038,4,166,4160)
r(3,71922,4,166,4161)
r(0,62041,4,166,4162)
r(18,71914,4,166,4163)
r(0,62041,4,166,4164)
r(1,62038,4,166,4165)
r(1,62038,4,166,4166)
r(1,62038,4,166,4167)
r(4,71912,4,166,4168)
r(1,62038,4,166,4169)
r(0,62041,4,166,4170)
r(0,62041,4,166,4171)
r(2,62037,4,166,4172)
r(7,62039,4,166,4173)
r(2,62037,4,166,4174)
w(9,42109,4,168,4200)
w(0,42110,4,168,4201)
w(13,42111,4,168,4202)
w(12,42112,4,168,4203)
w(0,42113,4,168,4204)
w(18,42114,4,168,4205)
w(3,42115,4,168,4206)
w(3,42116,4,168,4207)
w(0,42117,4,168,4208)
w(6,42118,4,168,4209)
w(0,42119,4,168,4210)
w(13,42120,4,168,4211)
w(3,42121,4,168,4212)
w(2,42122,4,168,4213)
w(3,42123,4,168,4214)
w(0,42124,4,168,4215)
w(1,42125,4,168,4216)
w(1,42126,4,168,4217)
w(12,42127,4,168,4218)
w(10,42128,4,168,4219)
w(7,42129,4,168,4220)
w(1,42130,4,168,4221)
w(7,42131,4,168,4222)
w(0,42132,4,168,4223)
w(16,42133,4,168,4224)
r(15,82136,4,176,4400)
r(0,22185,4,176,4401)
r(3,22182,4,176,4402)
r(13,22174,4,176,4403)
r(9,62103,4,176,4404)
r(0,22185,4,176,4405)
r(3,22182,4,176,4406)
r(16,62119,4,176,4407)
r(18,62067,4,176,4408)
r(5,82094,4,176,4409)
r(0,22185,4,176,4410)
r(0,22185,4,176,4411)
r(0,22185,4,176,4412)
r(2,22183,4,176,4413)
r(1,22179,4,176,4414)
r(2,22183,4,176,4415)
r(9,62103,4,176,4416)
r(1,22179,4,176,4417)
r(0,22185,4,176,4418)
r(3,22182,4,176,4419)
r(12,82131,4,176,4420)
r(4,22178,4,176,4421)
r(3,22182,4,176,4422)
r(6,62123,4,176,4423)
r(8,62118,4,176,4424)
w(0,42343,4,183,4575)
w(4,42344,4,183,4576)
w(0,42345,4,183,4577)
w(1,42346,4,183,4578)
w(1,42347,4,183,4579)
w(7,42348,4,183,4580)
w(1,42349,4,183,4581)
w(0,42350,4,183,4582)
w(3,42351,4,183,4583)
w(10,42352,4,183,4584)
w(0,42353,4,183,4585)
w(2,42354,4,183,4586)
w(0,42355,4,183,4587)
w(13,42356,4,183,4588)
w(6,42357,4,183,4589)
w(1,42358,4,183,4590)
w(1,42359,4,183,4591)
w(11,42360,4,183,4592)
w(11,42361,4,183,4593)
w(0,42362,4,183,4594)
w(0,42363,4,183,4595)
w(0,42364,4,183,4596)
w(1,42365,4,183,4597)
w(8,42366,4,183,4598)
w(19,42367,4,183,4599)
r(0,22393,4,187,4675)
r(0,22393,4,187,4676)
r(2,22371,4,187,4677)
r(11,22373,4,187,4678)
r(15,12070,4,187,4679)
r(1,52221,4,187,4680)
r(3,52216,4,187,4681)
r(3,52216,4,187,4682)
r(4,22394,4,187,4683)
r(1,52221,4,187,4684)
r(0,22393,4,187,4685)
r(1,52221,4,187,4686)
r(8,52223,4,187,4687)
r(6,52214,4,187,4688)
r(0,22393,4,187,4689)
r(9,72137,4,187,4690)
r(0,22393,4,187,4691)
r(16,12077,4,187,4692)
r(0,22393,4,187,4693)
r(4,22394,4,187,4694)
r(8,52223,4,187,4695)
r(0,22393,4,187,4696)
r(0,22393,4,187,4697)
r(5,22387,4,187,4698)
r(0,22393,4,187,4699)
r(1,82343,4,188,4700)
r(4,82341,4,188,4701)
r(6,82340,4,188,4702)
r(1,82343,4,188,4703)
r(0,82348,4,188,4704)
r(1,82343,4,188,4705)
r(14,22407,4,188,4706)
r(3,82346,4,188,4707)
r(10,82345,4,188,4708)
r(4,82341,4,188,4709)
r(10,82345,4,188,4710)
r(3,82346,4,188,4711)
r(0,82348,4,188,4712)
r(3,82346,4,188,4713)
r(19,42367,4,188,4714)
r(16,12077,4,188,4715)
r(0,82348,4,188,4716)
r(1,82343,4,188,4717)
r(16,12077,4,188,4718)
r(0,82348,4,188,4719)
r(3,82346,4,188,4720)
r(4,82341,4,188,4721)
r(10,82345,4,188,4722)
r(0,82348,4,188,4723)
r(4,82341,4,188,4724)
r(0,32283,4,190,4750)
r(3,92468,4,190,4751)
r(19,42367,4,190,4752)
r(2,32277,4,190,4753)
r(14,22407,4,190,4754)
r(1,32284,4,190,4755)
r(0,32283,4,190,4756)
r(3,92468,4,190,4757)
r(5,32274,4,190,4758)
r(15,62285,4,190,4759)
r(5,32274,4,190,4760)
r(0,32283,4,190,4761)
r(0,32283,4,190,4762)
r(7,62278,4,190,4763)
r(0,32283,4,190,4764)
r(12,62290,4,190,4765)
r(0,32283,4,190,4766)
r(19,42367,4,190,4767)
r(0,32283,4,190,4768)
r(16,32270,4,190,4769)
r(0,32283,4,190,4770)
r(4,32279,4,190,4771)
r(0,32283,4,190,4772)
r(15,62285,4,190,4773)
r(10,62277,4,190,4774)
r(0,12209,4,193,4825)
r(5,12204,4,193,4826)
r(0,12209,4,193,4827)
r(10,2393,4,193,4828)
r(11,12186,4,193,4829)
r(6,12195,4,193,4830)
r(0,12209,4,193,4831)
r(0,12209,4,193,4832)
r(4,12192,4,193,4833)
r(2,2411,4,193,4834)
r(12,12152,4,193,4835)
r(14,2413,4,193,4836)
r(8,12201,4,193,4837)
r(0,12209,4,193,4838)
r(2,2411,4,193,4839)
r(6,12195,4,193,4840)
r(0,12209,4,193,4841)
r(7,12187,4,193,4842)
r(4,12192,4,193,4843)
r(0,12209,4,193,4844)
r(0,12209,4,193,4845)
r(0,12209,4,193,4846)
r(4,12192,4,193,4847)
r(3,12202,4,193,4848)
r(0,12209,4,193,4849)
r(13,12198,4,194,4850)
r(8,12201,4,194,4851)
r(4,12192,4,194,4852)
r(11,12186,4,194,4853)
r(6,12195,4,194,4854)
r(1,12191,4,194,4855)
r(0,12209,4,194,4856)
r(1,12191,4,194,4857)
r(0,12209,4,194,4858)
r(0,12209,4,194,4859)
r(9,2414,4,194,4860)
r(8,12201,4,194,4861)
r(0,12209,4,194,4862)
w(1,42462,4,194,4863)
w(0,42463,4,194,4864)
w(12,42464,4,194,4865)
w(2,42465,4,194,4866)
w(8,42466,4,194,4867)
w(12,42467,4,194,4868)
w(4,42468,4,194,4869)
w(1,42469,4,194,4870)
w(17,42470,4,194,4871)
w(0,42471,4,194,4872)
w(14,42472,4,194,4873)
w(3,42473,4,194,4874)
r(0,62373,4,197,4925)
r(6,62369,4,197,4926)
r(11,22516,4,197,4927)
r(0,62373,4,197,4928)
r(2,62372,4,197,4929)
r(3,2438,4,197,4930)
r(8,42466,4,197,4931)
r(14,42472,4,197,4932)
r(2,62372,4,197,4933)
r(1,62371,4,197,4934)
r(3,2438,4,197,4935)
r(3,2438,4,197,4936)
r(3,2438,4,197,4937)
r(19,2437,4,197,4938)
w(0,42497,4,197,4939)
w(2,42498,4,197,4940)
w(6,42499,4,197,4941)
w(2,42500,4,197,4942)
w(15,42501,4,197,4943)
w(0,42502,4,197,4944)
w(0,42503,4,197,4945)
w(0,42504,4,197,4946)
w(13,42505,4,197,4947)
w(2,42506,4,197,4948)
w(18,42507,4,197,4949)
w(12,42535,4,200,5000)
w(0,42536,4,200,5001)
w(3,42537,4,200,5002)
w(2,42538,4,200,5003)
w(10,42539,4,200,5004)
w(5,42540,4,200,5005)
w(0,42541,4,200,5006)
w(0,42542,4,200,5007)
w(8,42543,4,200,5008)
w(3,42544,4,200,5009)
w(6,42545,4,200,5010)
w(1,42546,4,200,5011)
w(15,42547,4,200,5012)
w(4,42548,4,200,5013)
w(6,42549,4,200,5014)
w(0,42550,4,200,5015)
w(2,42551,4,200,5016)
w(7,42552,4,200,5017)
w(14,42553,4,200,5018)
w(7,42554,4,200,5019)
w(12,42555,4,200,5020)
w(0,42556,4,200,5021)
w(6,42557,4,200,5022)
w(12,42558,4,200,5023)
w(1,42559,4,200,5024)
w(3,42560,4,201,5025)
w(6,42561,4,201,5026)
w(12,42562,4,201,5027)
w(1,42563,4,201,5028)
w(3,42564,4,201,5029)
w(8,42565,4,201,5030)
w(8,42566,4,201,5031)
w(6,42567,4,201,5032)
w(6,42568,4,201,5033)
w(3,42569,4,201,5034)
w(1,42570,4,201,5035)
w(15,42571,4,201,5036)
w(10,42572,4,201,5037)
w(1,42573,4,201,5038)
w(0,42574,4,201,5039)
w(3,42575,4,201,5040)
w(14,42576,4,201,5041)
w(3,42577,4,201,5042)
w(0,42578,4,201,5043)
w(11,42579,4,201,5044)
w(1,42580,4,201,5045)
w(6,42581,4,201,5046)
w(1,42582,4,201,5047)
w(7,42583,4,201,5048)
w(0,42584,4,201,5049)
r(12,32444,4,203,5075)
r(2,32457,4,203,5076)
r(10,42572,4,203,5077)
r(10,42572,4,203,5078)
r(0,32454,4,203,5079)
r(15,42571,4,203,5080)
r(0,32454,4,203,5081)
r(1,32455,4,203,5082)
r(0,32454,4,203,5083)
r(0,32454,4,203,5084)
r(0,32454,4,203,5085)
r(0,32454,4,203,5086)
r(1,32455,4,203,5087)
r(2,32457,4,203,5088)
r(3,32456,4,203,5089)
r(1,32455,4,203,5090)
r(16,32450,4,203,5091)
r(11,32452,4,203,5092)
r(2,32457,4,203,5093)
r(7,32446,4,203,5094)
r(0,32454,4,203,5095)
r(12,32444,4,203,5096)
r(1,32455,4,203,5097)
r(1,32455,4,203,5098)
r(18,32365,4,203,5099)
r(19,32437,4,204,5100)
r(8,32445,4,204,5101)
r(2,22636,4,204,5102)
r(0,22632,4,204,5103)
r(1,22637,4,204,5104)
r(18,22628,4,204,5105)
r(5,22639,4,204,5106)
r(0,22632,4,204,5107)
r(1,22637,4,204,5108)
r(17,32453,4,204,5109)
r(1,22637,4,204,5110)
r(13,72354,4,204,5111)
r(2,22636,4,204,5112)
r(0,22632,4,204,5113)
r(9,92588,4,204,5114)
r(2,22636,4,204,5115)
r(3,22640,4,204,5116)
r(0,22632,4,204,5117)
r(13,72354,4,204,5118)
r(4,92619,4,204,5119)
r(1,22637,4,204,5120)
r(9,92588,4,204,5121)
r(0,22632,4,204,5122)
r(0,22632,4,204,5123)
r(4,92619,4,204,5124)
r(4,32475,4,206,5150)
r(2,22636,4,206,5151)
r(1,32481,4,206,5152)
r(0,32478,4,206,5153)
r(2,22636,4,206,5154)
r(1,32481,4,206,5155)
r(12,22638,4,206,5156)
r(0,32478,4,206,5157)
r(0,32478,4,206,5158)
r(0,32478,4,206,5159)
r(0,32478,4,206,5160)
r(2,22636,4,206,5161)
r(6,42581,4,206,5162)
r(11,32452,4,206,5163)
r(0,32478,4,206,5164)
r(6,42581,4,206,5165)
r(10,42572,4,206,5166)
r(0,32478,4,206,5167)
r(3,22640,4,206,5168)
r(0,32478,4,206,5169)
r(0,32478,4,206,5170)
r(2,22636,4,206,5171)
r(0,32478,4,206,5172)
r(5,32483,4,206,5173)
r(1,32481,4,206,5174)
r(4,92721,4,209,5225)
r(0,2609,4,209,5226)
r(11,32452,4,209,5227)
r(2,2600,4,209,5228)
r(12,82538,4,209,5229)
r(2,2600,4,209,5230)
r(0,2609,4,209,5231)
r(7,32446,4,209,5232)
r(2,2600,4,209,5233)
r(7,32446,4,209,5234)
r(1,2597,4,209,5235)
r(0,2609,4,209,5236)
r(4,92721,4,209,5237)
r(4,92721,4,209,5238)
r(4,92721,4,209,5239)
r(1,2597,4,209,5240)
r(5,2603,4,209,5241)
r(2,2600,4,209,5242)
r(12,82538,4,209,5243)
r(1,2597,4,209,5244)
r(3,2605,4,209,5245)
r(1,2597,4,209,5246)
r(17,92699,4,209,5247)
r(1,2597,4,209,5248)
r(1,2597,4,209,5249)
w(0,42673,4,210,5250)
w(0,42674,4,210,5251)
w(11,42675,4,210,5252)
w(0,42676,4,210,5253)
w(10,42677,4,210,5254)
w(19,42678,4,210,5255)
w(7,42679,4,210,5256)
w(1,42680,4,210,5257)
w(3,42681,4,210,5258)
w(1,42682,4,210,5259)
w(0,42683,4,210,5260)
w(0,42684,4,210,5261)
w(2,42685,4,210,5262)
w(4,42686,4,210,5263)
w(1,42687,4,210,5264)
w(1,42688,4,210,5265)
w(11,42689,4,210,5266)
w(1,42690,4,210,5267)
w(18,42691,4,210,5268)
w(0,42692,4,210,5269)
w(2,42693,4,210,5270)
w(9,42694,4,210,5271)
w(1,42695,4,210,5272)
w(7,42696,4,210,5273)
w(1,42697,4,210,5274)
r(1,42697,4,211,5275)
r(4,42686,4,211,5276)
r(4,42686,4,211,5277)
r(6,2606,4,211,5278)
r(6,2606,4,211,5279)
r(0,42692,4,211,5280)
r(1,42697,4,211,5281)
r(2,42693,4,211,5282)
r(4,42686,4,211,5283)
r(7,42696,4,211,5284)
r(1,42697,4,211,5285)
r(0,42692,4,211,5286)
r(1,42697,4,211,5287)
r(0,42692,4,211,5288)
r(0,42692,4,211,5289)
r(6,2606,4,211,5290)
r(19,42678,4,211,5291)
r(0,42692,4,211,5292)
r(0,42692,4,211,5293)
r(3,42681,4,211,5294)
r(12,82538,4,211,5295)
r(0,42692,4,211,5296)
r(0,42692,4,211,5297)
r(9,42694,4,211,5298)
r(8,2618,4,211,5299)
r(11,42689,4,213,5325)
r(0,12423,4,213,5326)
r(7,12417,4,213,5327)
r(1,12419,4,213,5328)
r(8,2618,4,213,5329)
r(0,12423,4,213,5330)
r(5,12420,4,213,5331)
r(11,42689,4,213,5332)
r(18,42691,4,213,5333)
r(7,12417,4,213,5334)
r(9,52517,4,213,5335)
r(1,12419,4,213,5336)
w(2,42710,4,213,5337)
w(2,42711,4,213,5338)
w(1,42712,4,213,5339)
w(1,42713,4,213,5340)
w(2,42714,4,213,5341)
w(9,42715,4,213,5342)
w(5,42716,4,213,5343)
w(1,42717,4,213,5344)
w(1,42718,4,213,5345)
w(1,42719,4,213,5346)
w(0,42720,4,213,5347)
w(0,42721,4,213,5348)
w(18,42722,4,213,5349)
r(16,52444,4,215,5375)
r(10,92793,4,215,5376)
r(8,2618,4,215,5377)
r(0,92802,4,215,5378)
r(0,92802,4,215,5379)
r(0,92802,4,215,5380)
r(1,92798,4,215,5381)
r(4,92806,4,215,5382)
r(0,92802,4,215,5383)
r(5,42716,4,215,5384)
r(19,22712,4,215,5385)
r(5,42716,4,215,5386)
r(18,92796,4,215,5387)
r(5,42716,4,215,5388)
r(4,92806,4,215,5389)
r(16,52444,4,215,5390)
r(7,12417,4,215,5391)
r(1,92798,4,215,5392)
r(2,92807,4,215,5393)
r(0,92802,4,215,5394)
r(0,92802,4,215,5395)
r(17,92795,4,215,5396)
r(7,12417,4,215,5397)
r(0,92802,4,215,5398)
r(5,42716,4,215,5399)
r(7,92816,4,217,5425)
r(0,52597,4,217,5426)
r(19,22712,4,217,5427)
r(1,52587,4,217,5428)
r(4,52570,4,217,5429)
r(3,52588,4,217,5430)
r(0,52597,4,217,5431)
r(13,52513,4,217,5432)
r(3,52588,4,217,5433)
r(3,52588,4,217,5434)
r(0,52597,4,217,5435)
r(2,52595,4,217,5436)
r(2,52595,4,217,5437)
r(16,52561,4,217,5438)
r(0,52597,4,217,5439)
r(0,52597,4,217,5440)
r(11,52598,4,217,5441)
r(0,52597,4,217,5442)
r(9,52593,4,217,5443)
r(0,52597,4,217,5444)
r(2,52595,4,217,5445)
r(8,92808,4,217,5446)
r(8,92808,4,217,5447)
r(1,52587,4,217,5448)
r(4,52570,4,217,5449)
r(1,22733,4,218,5450)
r(5,22739,4,218,5451)
r(3,52588,4,218,5452)
r(0,22738,4,218,5453)
r(0,22738,4,218,5454)
r(4,52570,4,218,5455)
r(11,52598,4,218,5456)
r(0,22738,4,218,5457)
r(4,52570,4,218,5458)
w(2,42751,4,218,5459)
w(17,42752,4,218,5460)
w(7,42753,4,218,5461)
w(0,42754,4,218,5462)
w(0,42755,4,218,5463)
w(0,42756,4,218,5464)
w(7,42757,4,218,5465)
w(8,42758,4,218,5466)
w(2,42759,4,218,5467)
w(15,42760,4,218,5468)
w(0,42761,4,218,5469)
w(2,42762,4,218,5470)
w(9,42763,4,218,5471)
w(0,42764,4,218,5472)
w(0,42765,4,218,5473)
w(1,42766,4,218,5474)
r(4,52570,4,219,5475)
r(5,22739,4,219,5476)
r(0,42765,4,219,5477)
r(0,42765,4,219,5478)
r(9,42763,4,219,5479)
r(6,52596,4,219,5480)
r(1,42766,4,219,5481)
r(7,42757,4,219,5482)
w(0,42767,4,219,5483)
w(1,42768,4,219,5484)
w(5,42769,4,219,5485)
w(11,42770,4,219,5486)
w(1,42771,4,219,5487)
w(1,42772,4,219,5488)
w(0,42773,4,219,5489)
w(2,42774,4,219,5490)
w(19,42775,4,219,5491)
w(0,42776,4,219,5492)
w(0,42777,4,219,5493)
w(0,42778,4,219,5494)
w(19,42779,4,219,5495)
w(11,42780,4,219,5496)
w(5,42781,4,219,5497)
w(10,42782,4,219,5498)
w(0,42783,4,219,5499)
r(1,42772,4,221,5525)
r(6,52596,4,221,5526)
r(1,42772,4,221,5527)
r(6,52596,4,221,5528)
r(3,52588,4,221,5529)
r(2,42774,4,221,5530)
r(2,42774,4,221,5531)
r(0,42783,4,221,5532)
r(0,42783,4,221,5533)
r(18,52579,4,221,5534)
r(8,42758,4,221,5535)
r(8,42758,4,221,5536)
r(7,42757,4,221,5537)
r(18,52579,4,221,5538)
r(1,42772,4,221,5539)
r(14,52552,4,221,5540)
r(6,52596,4,221,5541)
r(14,52552,4,221,5542)
r(1,42772,4,221,5543)
r(11,42780,4,221,5544)
r(1,42772,4,221,5545)
r(2,42774,4,221,5546)
r(13,52513,4,221,5547)
r(0,42783,4,221,5548)
r(0,42783,4,221,5549)
r(0,32816,4,229,5725)
r(0,32816,4,229,5726)
r(3,32825,4,229,5727)
r(3,32825,4,229,5728)
r(18,72699,4,229,5729)
r(7,32818,4,229,5730)
r(14,72691,4,229,5731)
r(2,32828,4,229,5732)
r(8,72701,4,229,5733)
r(0,32816,4,229,5734)
r(4,32824,4,229,5735)
r(1,32822,4,229,5736)
r(8,72701,4,229,5737)
r(4,32824,4,229,5738)
r(15,32826,4,229,5739)
r(15,32826,4,229,5740)
r(2,32828,4,229,5741)
r(0,32816,4,229,5742)
r(7,32818,4,229,5743)
r(5,32821,4,229,5744)
r(7,32818,4,229,5745)
r(3,32825,4,229,5746)
r(0,32816,4,229,5747)
r(1,32822,4,229,5748)
r(1,32822,4,229,5749)
r(10,62743,4,232,5800)
r(4,82856,4,232,5801)
r(0,82854,4,232,5802)
r(1,82853,4,232,5803)
r(9,82849,4,232,5804)
r(2,82855,4,232,5805)
r(6,32827,4,232,5806)
r(0,82854,4,232,5807)
r(5,82850,4,232,5808)
r(5,82850,4,232,5809)
r(7,32818,4,232,5810)
r(0,82854,4,232,5811)
r(2,82855,4,232,5812)
r(0,82854,4,232,5813)
r(1,82853,4,232,5814)
r(0,82854,4,232,5815)
r(0,82854,4,232,5816)
r(4,82856,4,232,5817)
r(0,82854,4,232,5818)
r(0,82854,4,232,5819)
r(10,62743,4,232,5820)
r(6,32827,4,232,5821)
r(1,82853,4,232,5822)
r(0,82854,4,232,5823)
r(7,32818,4,232,5824)
r(4,62792,4,235,5875)
r(1,32904,4,235,5876)
r(15,32826,4,235,5877)
r(5,32900,4,235,5878)
r(1,32904,4,235,5879)
r(7,32818,4,235,5880)
r(2,32899,4,235,5881)
r(3,52867,4,235,5882)
r(7,32818,4,235,5883)
r(1,32904,4,235,5884)
r(0,32905,4,235,5885)
r(0,32905,4,235,5886)
r(9,2834,4,235,5887)
r(0,32905,4,235,5888)
r(0,32905,4,235,5889)
r(0,32905,4,235,5890)
r(10,52862,4,235,5891)
r(4,62792,4,235,5892)
r(10,52862,4,235,5893)
r(3,52867,4,235,5894)
r(6,52865,4,235,5895)
r(0,32905,4,235,5896)
r(8,52864,4,235,5897)
r(2,32899,4,235,5898)
r(0,32905,4,235,5899)
r(0,32905,4,236,5900)
r(9,2834,4,236,5901)
r(0,32905,4,236,5902)
r(0,32905,4,236,5903)
r(15,32826,4,236,5904)
r(12,32896,4,236,5905)
r(0,32905,4,236,5906)
r(6,52865,4,236,5907)
r(0,32905,4,236,5908)
r(9,2834,4,236,5909)
r(10,52862,4,236,5910)
w(0,42958,4,236,5911)
w(15,42959,4,236,5912)
w(14,42960,4,236,5913)
w(3,42961,4,236,5914)
w(2,42962,4,236,5915)
w(5,42963,4,236,5916)
w(13,42964,4,236,5917)
w(0,42965,4,236,5918)
w(0,42966,4,236,5919)
w(6,42967,4,236,5920)
w(2,42968,4,236,5921)
w(0,42969,4,236,5922)
w(0,42970,4,236,5923)
w(5,42971,4,236,5924)
r(0,42970,4,237,5925)
r(7,32818,4,237,5926)
r(0,42970,4,237,5927)
r(3,42961,4,237,5928)
r(3,42961,4,237,5929)
r(6,42967,4,237,5930)
r(2,42968,4,237,5931)
r(0,42970,4,237,5932)
r(2,42968,4,237,5933)
r(0,42970,4,237,5934)
r(0,42970,4,237,5935)
r(12,32896,4,237,5936)
r(3,42961,4,237,5937)
r(2,42968,4,237,5938)
r(13,42964,4,237,5939)
r(2,42968,4,237,5940)
r(0,42970,4,237,5941)
r(1,32904,4,237,5942)
r(1,32904,4,237,5943)
r(5,42971,4,237,5944)
r(0,42970,4,237,5945)
r(10,52862,4,237,5946)
r(0,42970,4,237,5947)
r(2,42968,4,237,5948)
r(10,52862,4,237,5949)
r(12,32896,4,238,5950)
r(19,32906,4,238,5951)
r(1,32904,4,238,5952)
r(0,12702,4,238,5953)
r(0,12702,4,238,5954)
r(5,42971,4,238,5955)
r(6,12700,4,238,5956)
r(0,12702,4,238,5957)
r(6,12700,4,238,5958)
r(2,12701,4,238,5959)
r(7,32818,4,238,5960)
r(1,32904,4,238,5961)
r(2,12701,4,238,5962)
w(8,42972,4,238,5963)
w(2,42973,4,238,5964)
w(0,42974,4,238,5965)
w(13,42975,4,238,5966)
w(10,42976,4,238,5967)
w(7,42977,4,238,5968)
w(3,42978,4,238,5969)
w(3,42979,4,238,5970)
w(0,42980,4,238,5971)
w(0,42981,4,238,5972)
w(0,42982,4,238,5973)
w(0,42983,4,238,5974)
r(10,2888,4,240,6000)
r(5,12717,4,240,6001)
r(10,2888,4,240,6002)
r(3,72814,4,240,6003)
r(1,72810,4,240,6004)
r(4,72812,4,240,6005)
r(0,2881,4,240,6006)
r(13,72811,4,240,6007)
r(4,72812,4,240,6008)
r(15,42959,4,240,6009)
r(0,2881,4,240,6010)
r(1,72810,4,240,6011)
r(4,72812,4,240,6012)
r(1,72810,4,240,6013)
r(0,2881,4,240,6014)
r(13,72811,4,240,6015)
r(17,32902,4,240,6016)
r(4,72812,4,240,6017)
r(0,2881,4,240,6018)
r(2,12720,4,240,6019)
r(0,2881,4,240,6020)
r(12,2886,4,240,6021)
r(16,82916,4,240,6022)
r(2,12720,4,240,6023)
r(6,2887,4,240,6024)
r(5,72834,4,242,6050)
r(2,62862,4,242,6051)
r(1,72830,4,242,6052)
r(8,42972,4,242,6053)
r(0,72836,4,242,6054)
r(19,72824,4,242,6055)
r(10,62852,4,242,6056)
r(3,72835,4,242,6057)
r(10,62852,4,242,6058)
r(8,42972,4,242,6059)
r(2,62862,4,242,6060)
r(6,72838,4,242,6061)
r(14,12709,4,242,6062)
r(0,72836,4,242,6063)
r(2,62862,4,242,6064)
r(0,72836,4,242,6065)
r(6,72838,4,242,6066)
r(3,72835,4,242,6067)
r(15,42959,4,242,6068)
r(8,42972,4,242,6069)
r(2,62862,4,242,6070)
r(2,62862,4,242,6071)
r(1,72830,4,242,6072)
r(6,72838,4,242,6073)
r(10,62852,4,242,6074)
r(13,72811,4,243,6075)
r(2,62862,4,243,6076)
r(6,72838,4,243,6077)
r(1,72830,4,243,6078)
r(4,72837,4,243,6079)
r(0,72836,4,243,6080)
r(10,62852,4,243,6081)
r(12,72825,4,243,6082)
r(0,72836,4,243,6083)
r(0,72836,4,243,6084)
r(0,72836,4,243,6085)
r(2,62862,4,243,6086)
r(2,62862,4,243,6087)
r(2,62862,4,243,6088)
r(0,72836,4,243,6089)
r(11,72823,4,243,6090)
r(15,42959,4,243,6091)
r(0,72836,4,243,6092)
r(4,72837,4,243,6093)
r(7,72839,4,243,6094)
r(0,72836,4,243,6095)
r(4,72837,4,243,6096)
r(4,72837,4,243,6097)
r(4,72837,4,243,6098)
r(11,72823,4,243,6099)
r(11,72823,4,245,6125)
r(10,82951,4,245,6126)
r(0,2916,4,245,6127)
r(6,72838,4,245,6128)
r(0,2916,4,245,6129)
r(1,2917,4,245,6130)
r(0,2916,4,245,6131)
r(2,2918,4,245,6132)
r(7,2903,4,245,6133)
r(0,2916,4,245,6134)
r(8,42972,4,245,6135)
r(0,2916,4,245,6136)
r(19,72824,4,245,6137)
w(12,43032,4,245,6138)
w(2,43033,4,245,6139)
w(1,43034,4,245,6140)
w(4,43035,4,245,6141)
w(0,43036,4,245,6142)
w(0,43037,4,245,6143)
w(2,43038,4,245,6144)
w(7,43039,4,245,6145)
w(0,43040,4,245,6146)
w(1,43041,4,245,6147)
w(8,43042,4,245,6148)
w(0,43043,4,245,6149)
r(0,43043,4,246,6150)
r(0,43043,4,246,6151)
r(11,72823,4,246,6152)
r(16,72818,4,246,6153)
r(0,43043,4,246,6154)
r(4,43035,4,246,6155)
r(16,72818,4,246,6156)
r(0,43043,4,246,6157)
r(0,43043,4,246,6158)
r(4,43035,4,246,6159)
r(5,2913,4,246,6160)
r(1,43041,4,246,6161)
r(2,43038,4,246,6162)
w(0,43044,4,246,6163)
w(2,43045,4,246,6164)
w(0,43046,4,246,6165)
w(6,43047,4,246,6166)
w(0,43048,4,246,6167)
w(3,43049,4,246,6168)
w(0,43050,4,246,6169)
w(1,43051,4,246,6170)
w(12,43052,4,246,6171)
w(2,43053,4,246,6172)
w(17,43054,4,246,6173)
w(6,43055,4,246,6174)
r(12,93131,4,253,6325)
r(2,62979,4,253,6326)
r(2,62979,4,253,6327)
r(6,33025,4,253,6328)
r(3,62981,4,253,6329)
r(7,83030,4,253,6330)
r(0,62982,4,253,6331)
r(7,83030,4,253,6332)
r(7,83030,4,253,6333)
r(0,62982,4,253,6334)
r(8,83033,4,253,6335)
r(0,62982,4,253,6336)
r(6,33025,4,253,6337)
r(12,93131,4,253,6338)
r(3,62981,4,253,6339)
r(8,83033,4,253,6340)
r(3,62981,4,253,6341)
r(3,62981,4,253,6342)
r(0,62982,4,253,6343)
r(0,62982,4,253,6344)
r(0,62982,4,253,6345)
r(4,72938,4,253,6346)
r(4,72938,4,253,6347)
r(6,33025,4,253,6348)
r(18,62859,4,253,6349)
