r(0,10,6,0,0)
r(5,0,6,0,1)
r(11,6,6,0,2)
r(7,2,6,0,3)
r(0,10,6,0,4)
r(0,10,6,0,5)
r(1,11,6,0,6)
r(7,2,6,0,7)
r(1,11,6,0,8)
r(7,2,6,0,9)
r(0,10,6,0,10)
r(1,11,6,0,11)
r(19,0,6,0,12)
r(0,10,6,0,13)
r(0,10,6,0,14)
r(3,0,6,0,15)
r(4,0,6,0,16)
r(11,6,6,0,17)
r(1,11,6,0,18)
r(0,10,6,0,19)
r(9,0,6,0,20)
r(6,12,6,0,21)
r(8,8,6,0,22)
r(3,0,6,0,23)
r(0,10,6,0,24)
r(12,90020,6,3,75)
r(3,80033,6,3,76)
r(6,80018,6,3,77)
r(0,20023,6,3,78)
r(0,20023,6,3,79)
r(0,20023,6,3,80)
r(3,80033,6,3,81)
r(5,80032,6,3,82)
r(0,20023,6,3,83)
r(7,20020,6,3,84)
r(4,20022,6,3,85)
r(7,20020,6,3,86)
r(7,20020,6,3,87)
r(2,20016,6,3,88)
r(19,90009,6,3,89)
r(0,20023,6,3,90)
r(1,20019,6,3,91)
r(7,20020,6,3,92)
r(4,20022,6,3,93)
r(18,80037,6,3,94)
r(2,20016,6,3,95)
r(1,20019,6,3,96)
r(1,20019,6,3,97)
r(0,20023,6,3,98)
r(7,20020,6,3,99)
r(6,80018,6,4,100)
r(15,0,6,4,101)
r(0,20023,6,4,102)
r(11,6,6,4,103)
r(9,90005,6,4,104)
r(0,20023,6,4,105)
r(1,20019,6,4,106)
r(1,20019,6,4,107)
r(1,20019,6,4,108)
r(2,20016,6,4,109)
r(4,20022,6,4,110)
r(2,20016,6,4,111)
r(1,20019,6,4,112)
r(1,20019,6,4,113)
r(0,20023,6,4,114)
w(14,60022,6,4,115)
w(14,60023,6,4,116)
w(0,60024,6,4,117)
w(6,60025,6,4,118)
w(2,60026,6,4,119)
w(5,60027,6,4,120)
w(3,60028,6,4,121)
w(5,60029,6,4,122)
w(0,60030,6,4,123)
w(7,60031,6,4,124)
r(1,40191,6,12,300)
r(3,20168,6,12,301)
r(3,20168,6,12,302)
r(0,40194,6,12,303)
r(19,90009,6,12,304)
r(0,40194,6,12,305)
r(5,20175,6,12,306)
r(8,70158,6,12,307)
r(3,20168,6,12,308)
r(1,40191,6,12,309)
r(1,40191,6,12,310)
r(1,40191,6,12,311)
r(1,40191,6,12,312)
r(0,40194,6,12,313)
w(0,60144,6,12,314)
w(15,60145,6,12,315)
w(4,60146,6,12,316)
w(0,60147,6,12,317)
w(0,60148,6,12,318)
w(0,60149,6,12,319)
w(0,60150,6,12,320)
w(0,60151,6,12,321)
w(16,60152,6,12,322)
w(1,60153,6,12,323)
w(15,60154,6,12,324)
r(1,40230,6,14,350)
r(5,20175,6,14,351)
r(3,40228,6,14,352)
r(6,40226,6,14,353)
r(0,40231,6,14,354)
r(1,40230,6,14,355)
r(4,60146,6,14,356)
r(0,40231,6,14,357)
r(1,40230,6,14,358)
r(0,40231,6,14,359)
r(1,40230,6,14,360)
r(17,40081,6,14,361)
r(5,20175,6,14,362)
r(0,40231,6,14,363)
r(0,40231,6,14,364)
r(5,20175,6,14,365)
r(9,40222,6,14,366)
r(1,40230,6,14,367)
r(1,40230,6,14,368)
r(0,40231,6,14,369)
r(17,40081,6,14,370)
r(5,20175,6,14,371)
r(1,40230,6,14,372)
r(3,40228,6,14,373)
r(0,40231,6,14,374)
w(0,60180,6,15,375)
w(10,60181,6,15,376)
w(3,60182,6,15,377)
w(11,60183,6,15,378)
w(3,60184,6,15,379)
w(0,60185,6,15,380)
w(0,60186,6,15,381)
w(2,60187,6,15,382)
w(1,60188,6,15,383)
w(13,60189,6,15,384)
w(1,60190,6,15,385)
w(0,60191,6,15,386)
w(0,60192,6,15,387)
w(18,60193,6,15,388)
w(0,60194,6,15,389)
w(1,60195,6,15,390)
w(0,60196,6,15,391)
w(1,60197,6,15,392)
w(10,60198,6,15,393)
w(1,60199,6,15,394)
w(9,60200,6,15,395)
w(6,60201,6,15,396)
w(3,60202,6,15,397)
w(0,60203,6,15,398)
w(9,60204,6,15,399)
r(12,10190,6,16,400)
r(2,60187,6,16,401)
r(11,60183,6,16,402)
r(14,40229,6,16,403)
r(5,225,6,16,404)
r(3,60202,6,16,405)
r(2,60187,6,16,406)
r(0,60203,6,16,407)
r(0,60203,6,16,408)
r(4,239,6,16,409)
r(12,10190,6,16,410)
r(15,10187,6,16,411)
w(0,60205,6,16,412)
w(16,60206,6,16,413)
w(3,60207,6,16,414)
w(4,60208,6,16,415)
w(2,60209,6,16,416)
w(6,60210,6,16,417)
w(6,60211,6,16,418)
w(1,60212,6,16,419)
w(0,60213,6,16,420)
w(10,60214,6,16,421)
w(11,60215,6,16,422)
w(17,60216,6,16,423)
w(0,60217,6,16,424)
r(3,60207,6,17,425)
r(0,60217,6,17,426)
r(5,70217,6,17,427)
r(1,60212,6,17,428)
r(0,60217,6,17,429)
r(2,60209,6,17,430)
r(9,60204,6,17,431)
r(0,60217,6,17,432)
r(1,60212,6,17,433)
r(9,60204,6,17,434)
r(0,60217,6,17,435)
r(3,60207,6,17,436)
r(6,60211,6,17,437)
r(4,60208,6,17,438)
r(17,60216,6,17,439)
r(3,60207,6,17,440)
r(14,40229,6,17,441)
r(0,60217,6,17,442)
r(10,60214,6,17,443)
r(5,70217,6,17,444)
r(7,245,6,17,445)
r(0,60217,6,17,446)
r(0,60217,6,17,447)
r(3,60207,6,17,448)
r(4,60208,6,17,449)
r(1,90251,6,21,525)
r(0,90256,6,21,526)
r(19,70218,6,21,527)
r(3,90240,6,21,528)
r(9,20275,6,21,529)
r(0,90256,6,21,530)
r(1,90251,6,21,531)
r(1,90251,6,21,532)
r(0,90256,6,21,533)
r(1,90251,6,21,534)
r(14,20272,6,21,535)
r(0,90256,6,21,536)
r(0,90256,6,21,537)
r(13,60189,6,21,538)
r(6,90233,6,21,539)
r(0,90256,6,21,540)
r(1,90251,6,21,541)
r(18,70215,6,21,542)
r(0,90256,6,21,543)
r(0,90256,6,21,544)
r(0,90256,6,21,545)
r(0,90256,6,21,546)
r(13,60189,6,21,547)
r(5,90252,6,21,548)
r(4,90247,6,21,549)
r(0,50281,6,25,625)
r(10,50278,6,25,626)
r(0,50281,6,25,627)
r(0,50281,6,25,628)
r(4,80296,6,25,629)
r(19,80286,6,25,630)
r(17,30230,6,25,631)
r(8,90277,6,25,632)
r(0,50281,6,25,633)
r(14,30261,6,25,634)
r(1,50285,6,25,635)
r(0,50281,6,25,636)
r(7,10265,6,25,637)
r(0,50281,6,25,638)
r(2,50282,6,25,639)
r(18,90268,6,25,640)
r(10,50278,6,25,641)
r(0,50281,6,25,642)
r(1,50285,6,25,643)
r(1,50285,6,25,644)
r(8,90277,6,25,645)
r(0,50281,6,25,646)
r(0,50281,6,25,647)
r(16,50284,6,25,648)
r(15,90242,6,25,649)
r(1,50285,6,26,650)
r(2,50282,6,26,651)
r(4,80296,6,26,652)
r(7,10265,6,26,653)
r(0,50281,6,26,654)
r(2,50282,6,26,655)
r(0,50281,6,26,656)
r(17,30230,6,26,657)
r(1,50285,6,26,658)
w(5,60285,6,26,659)
w(1,60286,6,26,660)
w(7,60287,6,26,661)
w(1,60288,6,26,662)
w(12,60289,6,26,663)
w(0,60290,6,26,664)
w(1,60291,6,26,665)
w(0,60292,6,26,666)
w(13,60293,6,26,667)
w(7,60294,6,26,668)
w(11,60295,6,26,669)
w(8,60296,6,26,670)
w(0,60297,6,26,671)
w(19,60298,6,26,672)
w(1,60299,6,26,673)
w(0,60300,6,26,674)
r(0,10384,6,32,800)
r(0,10384,6,32,801)
r(9,90427,6,32,802)
r(0,10384,6,32,803)
r(14,80382,6,32,804)
r(8,467,6,32,805)
r(1,90422,6,32,806)
r(6,20427,6,32,807)
r(2,90423,6,32,808)
r(3,10385,6,32,809)
r(3,10385,6,32,810)
r(3,10385,6,32,811)
r(0,10384,6,32,812)
r(2,90423,6,32,813)
r(1,90422,6,32,814)
r(0,10384,6,32,815)
r(7,90421,6,32,816)
r(8,467,6,32,817)
r(2,90423,6,32,818)
r(0,10384,6,32,819)
r(10,20430,6,32,820)
r(5,90416,6,32,821)
r(4,10378,6,32,822)
r(0,10384,6,32,823)
r(1,90422,6,32,824)
r(0,90466,6,35,875)
r(1,10422,6,35,876)
r(17,10387,6,35,877)
r(6,10393,6,35,878)
r(1,10422,6,35,879)
r(0,90466,6,35,880)
r(0,90466,6,35,881)
r(5,90461,6,35,882)
r(2,90460,6,35,883)
r(17,10387,6,35,884)
r(1,10422,6,35,885)
r(9,90465,6,35,886)
r(2,90460,6,35,887)
r(16,50284,6,35,888)
w(0,60412,6,35,889)
w(0,60413,6,35,890)
w(3,60414,6,35,891)
w(7,60415,6,35,892)
w(6,60416,6,35,893)
w(0,60417,6,35,894)
w(0,60418,6,35,895)
w(0,60419,6,35,896)
w(4,60420,6,35,897)
w(0,60421,6,35,898)
w(0,60422,6,35,899)
r(2,40520,6,42,1050)
r(0,40508,6,42,1051)
r(2,40520,6,42,1052)
r(16,40517,6,42,1053)
r(0,40508,6,42,1054)
r(4,40513,6,42,1055)
r(1,40514,6,42,1056)
r(4,40513,6,42,1057)
r(9,50494,6,42,1058)
r(3,50488,6,42,1059)
w(16,60492,6,42,1060)
w(13,60493,6,42,1061)
w(6,60494,6,42,1062)
w(0,60495,6,42,1063)
w(12,60496,6,42,1064)
w(1,60497,6,42,1065)
w(0,60498,6,42,1066)
w(4,60499,6,42,1067)
w(0,60500,6,42,1068)
w(0,60501,6,42,1069)
w(18,60502,6,42,1070)
w(6,60503,6,42,1071)
w(8,60504,6,42,1072)
w(0,60505,6,42,1073)
w(0,60506,6,42,1074)
r(1,40591,6,47,1175)
r(0,40592,6,47,1176)
r(10,50553,6,47,1177)
r(13,80660,6,47,1178)
r(19,50562,6,47,1179)
r(19,50562,6,47,1180)
r(6,40593,6,47,1181)
r(1,40591,6,47,1182)
r(0,40592,6,47,1183)
r(0,40592,6,47,1184)
r(8,80661,6,47,1185)
r(2,50564,6,47,1186)
r(1,40591,6,47,1187)
r(3,80662,6,47,1188)
r(9,40585,6,47,1189)
r(1,40591,6,47,1190)
w(0,60581,6,47,1191)
w(5,60582,6,47,1192)
w(10,60583,6,47,1193)
w(5,60584,6,47,1194)
w(4,60585,6,47,1195)
w(1,60586,6,47,1196)
w(4,60587,6,47,1197)
w(18,60588,6,47,1198)
w(9,60589,6,47,1199)
r(0,40615,6,49,1225)
r(7,40598,6,49,1226)
r(4,40610,6,49,1227)
r(0,40615,6,49,1228)
r(0,40615,6,49,1229)
r(14,10583,6,49,1230)
r(0,40615,6,49,1231)
r(9,60589,6,49,1232)
r(0,40615,6,49,1233)
r(1,40616,6,49,1234)
r(0,40615,6,49,1235)
r(0,40615,6,49,1236)
r(8,80661,6,49,1237)
w(0,60604,6,49,1238)
w(0,60605,6,49,1239)
w(5,60606,6,49,1240)
w(16,60607,6,49,1241)
w(0,60608,6,49,1242)
w(4,60609,6,49,1243)
w(0,60610,6,49,1244)
w(0,60611,6,49,1245)
w(0,60612,6,49,1246)
w(12,60613,6,49,1247)
w(5,60614,6,49,1248)
w(10,60615,6,49,1249)
w(19,60655,6,53,1325)
w(7,60656,6,53,1326)
w(3,60657,6,53,1327)
w(0,60658,6,53,1328)
w(2,60659,6,53,1329)
w(4,60660,6,53,1330)
w(0,60661,6,53,1331)
w(5,60662,6,53,1332)
w(6,60663,6,53,1333)
w(2,60664,6,53,1334)
w(1,60665,6,53,1335)
w(0,60666,6,53,1336)
w(4,60667,6,53,1337)
w(4,60668,6,53,1338)
w(0,60669,6,53,1339)
w(13,60670,6,53,1340)
w(11,60671,6,53,1341)
w(14,60672,6,53,1342)
w(4,60673,6,53,1343)
w(9,60674,6,53,1344)
w(0,60675,6,53,1345)
w(0,60676,6,53,1346)
w(1,60677,6,53,1347)
w(12,60678,6,53,1348)
w(19,60679,6,53,1349)
r(2,60664,6,54,1350)
r(0,60676,6,54,1351)
r(6,60663,6,54,1352)
r(16,80728,6,54,1353)
r(12,60678,6,54,1354)
r(5,60662,6,54,1355)
r(0,60676,6,54,1356)
r(19,60679,6,54,1357)
r(0,60676,6,54,1358)
r(0,60676,6,54,1359)
r(1,60677,6,54,1360)
r(5,60662,6,54,1361)
r(4,60673,6,54,1362)
r(4,60673,6,54,1363)
r(0,60676,6,54,1364)
r(0,60676,6,54,1365)
r(0,60676,6,54,1366)
r(2,60664,6,54,1367)
r(0,60676,6,54,1368)
r(2,60664,6,54,1369)
r(0,60676,6,54,1370)
r(5,60662,6,54,1371)
r(6,60663,6,54,1372)
r(2,60664,6,54,1373)
r(0,60676,6,54,1374)
r(8,80777,6,57,1425)
r(0,90790,6,57,1426)
r(16,50669,6,57,1427)
r(16,50669,6,57,1428)
r(0,90790,6,57,1429)
r(3,90785,6,57,1430)
r(8,80777,6,57,1431)
r(0,90790,6,57,1432)
r(0,90790,6,57,1433)
r(11,90783,6,57,1434)
r(18,30739,6,57,1435)
r(1,90786,6,57,1436)
r(1,90786,6,57,1437)
r(2,90792,6,57,1438)
r(18,30739,6,57,1439)
r(8,80777,6,57,1440)
r(0,90790,6,57,1441)
r(6,90791,6,57,1442)
r(6,90791,6,57,1443)
r(1,90786,6,57,1444)
r(5,90787,6,57,1445)
r(2,90792,6,57,1446)
r(9,80767,6,57,1447)
r(4,80782,6,57,1448)
r(2,90792,6,57,1449)
r(1,900,6,62,1550)
r(1,900,6,62,1551)
r(0,897,6,62,1552)
r(1,900,6,62,1553)
r(19,90789,6,62,1554)
r(3,20861,6,62,1555)
r(17,80884,6,62,1556)
w(13,60780,6,62,1557)
w(6,60781,6,62,1558)
w(3,60782,6,62,1559)
w(13,60783,6,62,1560)
w(4,60784,6,62,1561)
w(17,60785,6,62,1562)
w(12,60786,6,62,1563)
w(0,60787,6,62,1564)
w(0,60788,6,62,1565)
w(4,60789,6,62,1566)
w(8,60790,6,62,1567)
w(0,60791,6,62,1568)
w(4,60792,6,62,1569)
w(4,60793,6,62,1570)
w(1,60794,6,62,1571)
w(2,60795,6,62,1572)
w(4,60796,6,62,1573)
w(1,60797,6,62,1574)
r(6,60781,6,63,1575)
r(3,60782,6,63,1576)
r(1,60797,6,63,1577)
r(0,60791,6,63,1578)
r(6,60781,6,63,1579)
r(1,60797,6,63,1580)
r(8,60790,6,63,1581)
r(1,60797,6,63,1582)
r(7,906,6,63,1583)
r(6,60781,6,63,1584)
r(1,60797,6,63,1585)
r(0,60791,6,63,1586)
r(1,60797,6,63,1587)
r(0,60791,6,63,1588)
r(18,80881,6,63,1589)
r(5,910,6,63,1590)
r(1,60797,6,63,1591)
r(0,60791,6,63,1592)
r(3,60782,6,63,1593)
r(4,60796,6,63,1594)
r(10,20859,6,63,1595)
r(5,910,6,63,1596)
r(0,60791,6,63,1597)
r(11,20847,6,63,1598)
r(0,60791,6,63,1599)
w(0,60877,6,68,1700)
w(0,60878,6,68,1701)
w(0,60879,6,68,1702)
w(10,60880,6,68,1703)
w(3,60881,6,68,1704)
w(13,60882,6,68,1705)
w(1,60883,6,68,1706)
w(0,60884,6,68,1707)
w(4,60885,6,68,1708)
w(4,60886,6,68,1709)
w(6,60887,6,68,1710)
w(0,60888,6,68,1711)
w(4,60889,6,68,1712)
w(12,60890,6,68,1713)
w(16,60891,6,68,1714)
w(2,60892,6,68,1715)
w(1,60893,6,68,1716)
w(13,60894,6,68,1717)
w(0,60895,6,68,1718)
w(0,60896,6,68,1719)
w(0,60897,6,68,1720)
w(0,60898,6,68,1721)
w(0,60899,6,68,1722)
w(6,60900,6,68,1723)
w(12,60901,6,68,1724)
r(1,90986,6,71,1775)
r(8,30955,6,71,1776)
r(7,10891,6,71,1777)
r(0,10889,6,71,1778)
r(2,90981,6,71,1779)
r(13,10886,6,71,1780)
r(3,10890,6,71,1781)
r(1,90986,6,71,1782)
r(3,10890,6,71,1783)
r(2,90981,6,71,1784)
r(0,10889,6,71,1785)
r(11,90990,6,71,1786)
r(3,10890,6,71,1787)
r(0,10889,6,71,1788)
r(1,90986,6,71,1789)
r(1,90986,6,71,1790)
r(4,30951,6,71,1791)
r(0,10889,6,71,1792)
r(14,20981,6,71,1793)
r(1,90986,6,71,1794)
r(6,80991,6,71,1795)
r(11,90990,6,71,1796)
r(8,30955,6,71,1797)
r(5,10888,6,71,1798)
r(1,90986,6,71,1799)
r(0,81019,6,73,1825)
r(16,50813,6,73,1826)
r(18,20995,6,73,1827)
r(7,10891,6,73,1828)
r(16,50813,6,73,1829)
r(2,1030,6,73,1830)
r(0,81019,6,73,1831)
r(13,81018,6,73,1832)
r(0,81019,6,73,1833)
r(14,20981,6,73,1834)
r(0,81019,6,73,1835)
r(0,81019,6,73,1836)
r(13,81018,6,73,1837)
w(4,60936,6,73,1838)
w(4,60937,6,73,1839)
w(15,60938,6,73,1840)
w(3,60939,6,73,1841)
w(0,60940,6,73,1842)
w(4,60941,6,73,1843)
w(3,60942,6,73,1844)
w(1,60943,6,73,1845)
w(11,60944,6,73,1846)
w(1,60945,6,73,1847)
w(0,60946,6,73,1848)
w(0,60947,6,73,1849)
r(7,10891,6,74,1850)
r(2,30990,6,74,1851)
r(3,60942,6,74,1852)
r(4,60941,6,74,1853)
r(0,60947,6,74,1854)
r(10,10887,6,74,1855)
r(0,60947,6,74,1856)
r(0,60947,6,74,1857)
r(5,81032,6,74,1858)
r(9,81010,6,74,1859)
r(0,60947,6,74,1860)
r(13,30988,6,74,1861)
r(19,81026,6,74,1862)
r(5,81032,6,74,1863)
r(11,60944,6,74,1864)
r(0,60947,6,74,1865)
r(0,60947,6,74,1866)
r(9,81010,6,74,1867)
r(0,60947,6,74,1868)
r(1,60945,6,74,1869)
r(15,60938,6,74,1870)
r(0,60947,6,74,1871)
r(1,60945,6,74,1872)
r(3,60942,6,74,1873)
r(2,30990,6,74,1874)
r(1,60945,6,75,1875)
r(5,81032,6,75,1876)
r(0,60947,6,75,1877)
r(11,60944,6,75,1878)
r(0,60947,6,75,1879)
r(0,60947,6,75,1880)
r(1,60945,6,75,1881)
r(0,60947,6,75,1882)
r(2,30990,6,75,1883)
r(0,60947,6,75,1884)
r(3,60942,6,75,1885)
r(12,81022,6,75,1886)
r(0,60947,6,75,1887)
r(0,60947,6,75,1888)
w(18,60948,6,75,1889)
w(3,60949,6,75,1890)
w(7,60950,6,75,1891)
w(3,60951,6,75,1892)
w(8,60952,6,75,1893)
w(0,60953,6,75,1894)
w(1,60954,6,75,1895)
w(4,60955,6,75,1896)
w(0,60956,6,75,1897)
w(7,60957,6,75,1898)
w(0,60958,6,75,1899)
w(0,60959,6,76,1900)
w(0,60960,6,76,1901)
w(9,60961,6,76,1902)
w(9,60962,6,76,1903)
w(8,60963,6,76,1904)
w(0,60964,6,76,1905)
w(6,60965,6,76,1906)
w(0,60966,6,76,1907)
w(1,60967,6,76,1908)
w(0,60968,6,76,1909)
w(0,60969,6,76,1910)
w(0,60970,6,76,1911)
w(0,60971,6,76,1912)
w(1,60972,6,76,1913)
w(2,60973,6,76,1914)
w(0,60974,6,76,1915)
w(19,60975,6,76,1916)
w(4,60976,6,76,1917)
w(4,60977,6,76,1918)
w(0,60978,6,76,1919)
w(1,60979,6,76,1920)
w(0,60980,6,76,1921)
w(0,60981,6,76,1922)
w(12,60982,6,76,1923)
w(6,60983,6,76,1924)
r(9,60962,6,79,1975)
r(10,81039,6,79,1976)
r(0,21094,6,79,1977)
r(14,1089,6,79,1978)
r(0,21094,6,79,1979)
r(7,21091,6,79,1980)
r(1,21093,6,79,1981)
r(3,1075,6,79,1982)
r(4,21088,6,79,1983)
r(5,1084,6,79,1984)
r(13,21083,6,79,1985)
r(0,21094,6,79,1986)
w(4,61007,6,79,1987)
w(8,61008,6,79,1988)
w(0,61009,6,79,1989)
w(0,61010,6,79,1990)
w(15,61011,6,79,1991)
w(2,61012,6,79,1992)
w(13,61013,6,79,1993)
w(3,61014,6,79,1994)
w(4,61015,6,79,1995)
w(0,61016,6,79,1996)
w(1,61017,6,79,1997)
w(1,61018,6,79,1998)
w(1,61019,6,79,1999)
r(19,60975,6,80,2000)
r(0,61016,6,80,2001)
r(3,61014,6,80,2002)
r(5,81073,6,80,2003)
r(1,61019,6,80,2004)
r(0,61016,6,80,2005)
r(2,61012,6,80,2006)
r(19,60975,6,80,2007)
r(1,61019,6,80,2008)
r(0,61016,6,80,2009)
r(13,61013,6,80,2010)
w(9,61020,6,80,2011)
w(3,61021,6,80,2012)
w(7,61022,6,80,2013)
w(2,61023,6,80,2014)
w(7,61024,6,80,2015)
w(0,61025,6,80,2016)
w(16,61026,6,80,2017)
w(0,61027,6,80,2018)
w(1,61028,6,80,2019)
w(18,61029,6,80,2020)
w(5,61030,6,80,2021)
w(15,61031,6,80,2022)
w(0,61032,6,80,2023)
w(8,61033,6,80,2024)
r(11,1081,6,82,2050)
r(12,21081,6,82,2051)
r(8,61033,6,82,2052)
r(7,61024,6,82,2053)
r(16,61026,6,82,2054)
r(5,61030,6,82,2055)
r(3,61021,6,82,2056)
r(0,61032,6,82,2057)
r(10,81039,6,82,2058)
r(17,50877,6,82,2059)
r(1,61028,6,82,2060)
r(13,61013,6,82,2061)
r(6,21084,6,82,2062)
r(0,61032,6,82,2063)
r(0,61032,6,82,2064)
r(2,61023,6,82,2065)
r(8,61033,6,82,2066)
r(15,61031,6,82,2067)
r(4,61015,6,82,2068)
r(13,61013,6,82,2069)
r(17,50877,6,82,2070)
r(10,81039,6,82,2071)
r(0,61032,6,82,2072)
r(0,61032,6,82,2073)
r(1,61028,6,82,2074)
r(0,81172,6,85,2125)
r(12,31051,6,85,2126)
r(0,81172,6,85,2127)
r(0,81172,6,85,2128)
r(6,31063,6,85,2129)
r(7,81169,6,85,2130)
r(14,1089,6,85,2131)
r(2,81176,6,85,2132)
r(14,1089,6,85,2133)
r(1,31081,6,85,2134)
r(0,81172,6,85,2135)
r(1,31081,6,85,2136)
r(3,81174,6,85,2137)
w(1,61085,6,85,2138)
w(0,61086,6,85,2139)
w(1,61087,6,85,2140)
w(2,61088,6,85,2141)
w(0,61089,6,85,2142)
w(16,61090,6,85,2143)
w(5,61091,6,85,2144)
w(6,61092,6,85,2145)
w(14,61093,6,85,2146)
w(17,61094,6,85,2147)
w(2,61095,6,85,2148)
w(0,61096,6,85,2149)
r(2,21206,6,90,2250)
r(5,51029,6,90,2251)
r(3,21203,6,90,2252)
r(3,21203,6,90,2253)
r(6,51039,6,90,2254)
r(0,21208,6,90,2255)
r(5,51029,6,90,2256)
r(5,51029,6,90,2257)
r(0,21208,6,90,2258)
r(11,21198,6,90,2259)
r(2,21206,6,90,2260)
r(4,21204,6,90,2261)
r(8,21195,6,90,2262)
r(7,51043,6,90,2263)
r(1,51042,6,90,2264)
r(1,51042,6,90,2265)
r(7,51043,6,90,2266)
r(10,41041,6,90,2267)
r(0,21208,6,90,2268)
r(3,21203,6,90,2269)
r(2,21206,6,90,2270)
r(0,21208,6,90,2271)
r(13,31084,6,90,2272)
r(10,41041,6,90,2273)
r(3,21203,6,90,2274)
r(4,21204,6,91,2275)
r(10,41041,6,91,2276)
r(7,51043,6,91,2277)
r(15,51044,6,91,2278)
r(1,51042,6,91,2279)
r(0,21208,6,91,2280)
r(2,21206,6,91,2281)
w(18,61170,6,91,2282)
w(0,61171,6,91,2283)
w(0,61172,6,91,2284)
w(6,61173,6,91,2285)
w(1,61174,6,91,2286)
w(1,61175,6,91,2287)
w(5,61176,6,91,2288)
w(4,61177,6,91,2289)
w(0,61178,6,91,2290)
w(6,61179,6,91,2291)
w(10,61180,6,91,2292)
w(7,61181,6,91,2293)
w(1,61182,6,91,2294)
w(0,61183,6,91,2295)
w(0,61184,6,91,2296)
w(12,61185,6,91,2297)
w(0,61186,6,91,2298)
w(1,61187,6,91,2299)
w(16,61188,6,92,2300)
w(0,61189,6,92,2301)
w(12,61190,6,92,2302)
w(2,61191,6,92,2303)
w(15,61192,6,92,2304)
w(1,61193,6,92,2305)
w(0,61194,6,92,2306)
w(1,61195,6,92,2307)
w(0,61196,6,92,2308)
w(7,61197,6,92,2309)
w(2,61198,6,92,2310)
w(17,61199,6,92,2311)
w(19,61200,6,92,2312)
w(4,61201,6,92,2313)
w(1,61202,6,92,2314)
w(0,61203,6,92,2315)
w(1,61204,6,92,2316)
w(4,61205,6,92,2317)
w(1,61206,6,92,2318)
w(0,61207,6,92,2319)
w(0,61208,6,92,2320)
w(0,61209,6,92,2321)
w(1,61210,6,92,2322)
w(8,61211,6,92,2323)
w(2,61212,6,92,2324)
r(0,71175,6,101,2525)
r(13,31209,6,101,2526)
r(4,71172,6,101,2527)
r(1,71173,6,101,2528)
r(2,1327,6,101,2529)
r(1,71173,6,101,2530)
r(4,71172,6,101,2531)
r(5,71170,6,101,2532)
r(9,1303,6,101,2533)
r(0,71175,6,101,2534)
r(1,71173,6,101,2535)
r(1,71173,6,101,2536)
r(19,21308,6,101,2537)
r(1,71173,6,101,2538)
r(1,71173,6,101,2539)
r(5,71170,6,101,2540)
r(18,1304,6,101,2541)
r(3,1323,6,101,2542)
r(3,1323,6,101,2543)
r(8,71174,6,101,2544)
r(2,1327,6,101,2545)
r(12,1314,6,101,2546)
r(1,71173,6,101,2547)
r(0,71175,6,101,2548)
r(7,1311,6,101,2549)
r(4,71172,6,102,2550)
r(0,1349,6,102,2551)
r(6,71176,6,102,2552)
r(1,1350,6,102,2553)
r(5,71170,6,102,2554)
r(0,1349,6,102,2555)
r(0,1349,6,102,2556)
r(10,51150,6,102,2557)
r(0,1349,6,102,2558)
r(7,1347,6,102,2559)
r(3,1338,6,102,2560)
r(2,1348,6,102,2561)
r(5,71170,6,102,2562)
r(0,1349,6,102,2563)
r(1,1350,6,102,2564)
r(2,1348,6,102,2565)
r(11,21198,6,102,2566)
r(7,1347,6,102,2567)
r(11,21198,6,102,2568)
r(17,1313,6,102,2569)
r(6,71176,6,102,2570)
r(7,1347,6,102,2571)
r(0,1349,6,102,2572)
r(8,1345,6,102,2573)
r(3,1338,6,102,2574)
r(2,31317,6,107,2675)
r(17,1382,6,107,2676)
r(5,91442,6,107,2677)
r(12,1383,6,107,2678)
r(18,91443,6,107,2679)
r(2,31317,6,107,2680)
r(1,31311,6,107,2681)
r(3,31315,6,107,2682)
r(3,31315,6,107,2683)
r(0,91444,6,107,2684)
r(1,31311,6,107,2685)
r(18,91443,6,107,2686)
r(12,1383,6,107,2687)
r(1,31311,6,107,2688)
r(1,31311,6,107,2689)
r(1,31311,6,107,2690)
r(3,31315,6,107,2691)
r(0,91444,6,107,2692)
r(2,31317,6,107,2693)
r(0,91444,6,107,2694)
r(1,31311,6,107,2695)
r(12,1383,6,107,2696)
r(4,91441,6,107,2697)
r(0,91444,6,107,2698)
r(2,31317,6,107,2699)
r(9,41259,6,108,2700)
r(9,41259,6,108,2701)
r(11,41260,6,108,2702)
r(2,31317,6,108,2703)
r(3,31315,6,108,2704)
r(2,31317,6,108,2705)
r(0,91444,6,108,2706)
r(10,31297,6,108,2707)
r(11,41260,6,108,2708)
r(3,31315,6,108,2709)
r(11,41260,6,108,2710)
r(1,31311,6,108,2711)
r(5,91442,6,108,2712)
r(0,91444,6,108,2713)
r(1,31311,6,108,2714)
r(4,91441,6,108,2715)
r(17,1382,6,108,2716)
r(8,91440,6,108,2717)
r(16,91437,6,108,2718)
r(8,91440,6,108,2719)
r(1,31311,6,108,2720)
r(0,91444,6,108,2721)
r(18,91443,6,108,2722)
r(0,91444,6,108,2723)
r(0,91444,6,108,2724)
r(6,51320,6,113,2825)
r(8,51317,6,113,2826)
r(0,51337,6,113,2827)
r(0,51337,6,113,2828)
r(0,51337,6,113,2829)
r(0,51337,6,113,2830)
r(6,51320,6,113,2831)
r(1,51336,6,113,2832)
r(7,51334,6,113,2833)
r(1,51336,6,113,2834)
r(8,51317,6,113,2835)
r(19,51314,6,113,2836)
w(10,61476,6,113,2837)
w(8,61477,6,113,2838)
w(0,61478,6,113,2839)
w(18,61479,6,113,2840)
w(1,61480,6,113,2841)
w(2,61481,6,113,2842)
w(1,61482,6,113,2843)
w(4,61483,6,113,2844)
w(12,61484,6,113,2845)
w(5,61485,6,113,2846)
w(16,61486,6,113,2847)
w(1,61487,6,113,2848)
w(2,61488,6,113,2849)
r(7,51334,6,114,2850)
r(0,61478,6,114,2851)
r(1,61487,6,114,2852)
r(1,61487,6,114,2853)
r(1,61487,6,114,2854)
r(0,61478,6,114,2855)
r(1,61487,6,114,2856)
r(11,41368,6,114,2857)
r(6,51320,6,114,2858)
r(1,61487,6,114,2859)
r(3,51322,6,114,2860)
r(3,51322,6,114,2861)
r(0,61478,6,114,2862)
r(0,61478,6,114,2863)
r(6,51320,6,114,2864)
w(0,61489,6,114,2865)
w(0,61490,6,114,2866)
w(3,61491,6,114,2867)
w(11,61492,6,114,2868)
w(0,61493,6,114,2869)
w(2,61494,6,114,2870)
w(3,61495,6,114,2871)
w(9,61496,6,114,2872)
w(5,61497,6,114,2873)
w(4,61498,6,114,2874)
r(5,61497,6,115,2875)
r(1,71340,6,115,2876)
r(0,61493,6,115,2877)
r(2,61494,6,115,2878)
r(8,61477,6,115,2879)
r(0,61493,6,115,2880)
r(0,61493,6,115,2881)
r(0,61493,6,115,2882)
r(3,61495,6,115,2883)
r(2,61494,6,115,2884)
r(0,61493,6,115,2885)
r(3,61495,6,115,2886)
r(4,61498,6,115,2887)
r(3,61495,6,115,2888)
r(4,61498,6,115,2889)
r(12,71346,6,115,2890)
r(4,61498,6,115,2891)
r(10,61476,6,115,2892)
r(0,61493,6,115,2893)
r(1,71340,6,115,2894)
r(9,61496,6,115,2895)
r(8,61477,6,115,2896)
r(1,71340,6,115,2897)
r(1,71340,6,115,2898)
r(2,61494,6,115,2899)
r(1,71340,6,116,2900)
r(0,61493,6,116,2901)
r(17,71338,6,116,2902)
r(2,61494,6,116,2903)
r(3,61495,6,116,2904)
r(5,61497,6,116,2905)
r(0,61493,6,116,2906)
r(0,61493,6,116,2907)
r(13,51332,6,116,2908)
r(2,61494,6,116,2909)
r(8,61477,6,116,2910)
r(0,61493,6,116,2911)
r(0,61493,6,116,2912)
r(10,61476,6,116,2913)
r(1,71340,6,116,2914)
r(4,61498,6,116,2915)
r(0,61493,6,116,2916)
w(0,61499,6,116,2917)
w(9,61500,6,116,2918)
w(6,61501,6,116,2919)
w(1,61502,6,116,2920)
w(0,61503,6,116,2921)
w(0,61504,6,116,2922)
w(0,61505,6,116,2923)
w(19,61506,6,116,2924)
r(0,21509,6,119,2975)
r(2,81512,6,119,2976)
r(15,71337,6,119,2977)
r(2,81512,6,119,2978)
r(14,1550,6,119,2979)
r(0,21509,6,119,2980)
r(0,21509,6,119,2981)
r(3,91585,6,119,2982)
r(7,91586,6,119,2983)
r(1,1552,6,119,2984)
r(1,1552,6,119,2985)
r(1,1552,6,119,2986)
r(2,81512,6,119,2987)
r(8,91578,6,119,2988)
r(3,91585,6,119,2989)
r(2,81512,6,119,2990)
r(3,91585,6,119,2991)
r(2,81512,6,119,2992)
r(5,1557,6,119,2993)
r(1,1552,6,119,2994)
r(1,1552,6,119,2995)
r(2,81512,6,119,2996)
r(1,1552,6,119,2997)
r(11,61492,6,119,2998)
r(4,1541,6,119,2999)
r(1,51388,6,121,3025)
r(1,51388,6,121,3026)
r(0,31472,6,121,3027)
r(2,51376,6,121,3028)
r(4,1541,6,121,3029)
r(7,91586,6,121,3030)
r(1,51388,6,121,3031)
r(0,31472,6,121,3032)
r(6,31467,6,121,3033)
r(1,51388,6,121,3034)
r(0,31472,6,121,3035)
r(0,31472,6,121,3036)
r(0,31472,6,121,3037)
r(0,31472,6,121,3038)
r(1,51388,6,121,3039)
w(0,61540,6,121,3040)
w(0,61541,6,121,3041)
w(8,61542,6,121,3042)
w(2,61543,6,121,3043)
w(1,61544,6,121,3044)
w(0,61545,6,121,3045)
w(6,61546,6,121,3046)
w(2,61547,6,121,3047)
w(0,61548,6,121,3048)
w(0,61549,6,121,3049)
r(8,61542,6,123,3075)
r(11,21534,6,123,3076)
r(4,81562,6,123,3077)
r(4,81562,6,123,3078)
r(0,81570,6,123,3079)
r(1,81565,6,123,3080)
r(0,81570,6,123,3081)
r(0,81570,6,123,3082)
r(18,1536,6,123,3083)
r(2,81561,6,123,3084)
r(0,81570,6,123,3085)
r(8,61542,6,123,3086)
r(2,81561,6,123,3087)
r(1,81565,6,123,3088)
r(13,91569,6,123,3089)
r(5,81564,6,123,3090)
w(4,61557,6,123,3091)
w(0,61558,6,123,3092)
w(1,61559,6,123,3093)
w(0,61560,6,123,3094)
w(2,61561,6,123,3095)
w(11,61562,6,123,3096)
w(4,61563,6,123,3097)
w(0,61564,6,123,3098)
w(4,61565,6,123,3099)
r(0,81582,6,126,3150)
r(0,81582,6,126,3151)
r(12,31463,6,126,3152)
r(0,81582,6,126,3153)
r(2,41529,6,126,3154)
r(13,71433,6,126,3155)
r(1,41531,6,126,3156)
r(0,81582,6,126,3157)
r(2,41529,6,126,3158)
r(1,41531,6,126,3159)
r(8,61542,6,126,3160)
r(1,41531,6,126,3161)
r(0,81582,6,126,3162)
r(0,81582,6,126,3163)
r(9,71429,6,126,3164)
r(3,81584,6,126,3165)
r(12,31463,6,126,3166)
r(0,81582,6,126,3167)
r(2,41529,6,126,3168)
r(9,71429,6,126,3169)
r(0,81582,6,126,3170)
r(0,81582,6,126,3171)
r(0,81582,6,126,3172)
r(10,81585,6,126,3173)
r(2,41529,6,126,3174)
r(17,21528,6,127,3175)
r(6,81583,6,127,3176)
r(2,41529,6,127,3177)
r(0,81582,6,127,3178)
r(0,81582,6,127,3179)
r(7,41526,6,127,3180)
r(0,81582,6,127,3181)
r(0,81582,6,127,3182)
r(8,61542,6,127,3183)
r(4,61565,6,127,3184)
r(16,81587,6,127,3185)
r(5,41530,6,127,3186)
r(0,81582,6,127,3187)
r(11,71434,6,127,3188)
r(3,81584,6,127,3189)
r(0,81582,6,127,3190)
r(3,81584,6,127,3191)
r(1,41531,6,127,3192)
r(8,61542,6,127,3193)
r(2,41529,6,127,3194)
r(3,81584,6,127,3195)
r(6,81583,6,127,3196)
r(9,71429,6,127,3197)
r(0,81582,6,127,3198)
r(13,71433,6,127,3199)
r(2,11407,6,129,3225)
r(1,11405,6,129,3226)
r(19,81580,6,129,3227)
r(1,11405,6,129,3228)
r(0,11404,6,129,3229)
r(2,11407,6,129,3230)
r(10,71500,6,129,3231)
r(0,11404,6,129,3232)
r(0,11404,6,129,3233)
r(17,21528,6,129,3234)
w(0,61623,6,129,3235)
w(2,61624,6,129,3236)
w(0,61625,6,129,3237)
w(0,61626,6,129,3238)
w(4,61627,6,129,3239)
w(0,61628,6,129,3240)
w(11,61629,6,129,3241)
w(0,61630,6,129,3242)
w(13,61631,6,129,3243)
w(0,61632,6,129,3244)
w(3,61633,6,129,3245)
w(17,61634,6,129,3246)
w(0,61635,6,129,3247)
w(1,61636,6,129,3248)
w(2,61637,6,129,3249)
r(4,61627,6,131,3275)
r(3,31556,6,131,3276)
r(2,31557,6,131,3277)
r(7,81629,6,131,3278)
r(9,31566,6,131,3279)
r(1,31560,6,131,3280)
r(5,31561,6,131,3281)
r(17,61634,6,131,3282)
r(1,31560,6,131,3283)
r(4,61627,6,131,3284)
r(11,61629,6,131,3285)
r(0,31568,6,131,3286)
r(13,61631,6,131,3287)
r(0,31568,6,131,3288)
r(0,31568,6,131,3289)
r(0,31568,6,131,3290)
r(1,31560,6,131,3291)
r(4,61627,6,131,3292)
r(14,81630,6,131,3293)
r(4,61627,6,131,3294)
r(11,61629,6,131,3295)
r(0,31568,6,131,3296)
r(4,61627,6,131,3297)
r(13,61631,6,131,3298)
r(0,31568,6,131,3299)
r(1,21735,6,135,3375)
r(0,91759,6,135,3376)
r(4,21740,6,135,3377)
r(1,21735,6,135,3378)
r(18,21703,6,135,3379)
r(0,91759,6,135,3380)
r(12,91755,6,135,3381)
r(17,21732,6,135,3382)
r(0,91759,6,135,3383)
r(0,91759,6,135,3384)
r(0,91759,6,135,3385)
r(14,21729,6,135,3386)
r(0,91759,6,135,3387)
r(8,21713,6,135,3388)
r(8,21713,6,135,3389)
r(9,21683,6,135,3390)
r(0,91759,6,135,3391)
r(0,91759,6,135,3392)
r(15,31570,6,135,3393)
r(4,21740,6,135,3394)
r(4,21740,6,135,3395)
r(1,21735,6,135,3396)
r(0,91759,6,135,3397)
r(0,91759,6,135,3398)
r(0,91759,6,135,3399)
r(4,41684,6,136,3400)
r(7,41682,6,136,3401)
r(4,41684,6,136,3402)
r(1,41675,6,136,3403)
r(2,41686,6,136,3404)
r(0,41688,6,136,3405)
r(11,41689,6,136,3406)
r(4,41684,6,136,3407)
r(11,41689,6,136,3408)
r(1,41675,6,136,3409)
w(0,61698,6,136,3410)
w(6,61699,6,136,3411)
w(0,61700,6,136,3412)
w(0,61701,6,136,3413)
w(0,61702,6,136,3414)
w(0,61703,6,136,3415)
w(17,61704,6,136,3416)
w(3,61705,6,136,3417)
w(0,61706,6,136,3418)
w(3,61707,6,136,3419)
w(0,61708,6,136,3420)
w(16,61709,6,136,3421)
w(3,61710,6,136,3422)
w(0,61711,6,136,3423)
w(5,61712,6,136,3424)
r(4,11503,6,138,3450)
r(3,11504,6,138,3451)
r(6,11500,6,138,3452)
r(0,11506,6,138,3453)
r(10,51574,6,138,3454)
r(0,11506,6,138,3455)
r(6,11500,6,138,3456)
r(0,11506,6,138,3457)
r(2,51581,6,138,3458)
r(0,11506,6,138,3459)
r(3,11504,6,138,3460)
r(0,11506,6,138,3461)
r(13,41692,6,138,3462)
r(0,11506,6,138,3463)
r(10,51574,6,138,3464)
r(1,51578,6,138,3465)
w(0,61725,6,138,3466)
w(10,61726,6,138,3467)
w(4,61727,6,138,3468)
w(4,61728,6,138,3469)
w(2,61729,6,138,3470)
w(0,61730,6,138,3471)
w(18,61731,6,138,3472)
w(0,61732,6,138,3473)
w(11,61733,6,138,3474)
r(3,31728,6,143,3575)
r(10,31729,6,143,3576)
r(11,31727,6,143,3577)
r(9,31731,6,143,3578)
r(0,31735,6,143,3579)
r(4,31739,6,143,3580)
r(1,31738,6,143,3581)
r(4,31739,6,143,3582)
r(4,31739,6,143,3583)
r(1,31738,6,143,3584)
r(6,31725,6,143,3585)
r(11,31727,6,143,3586)
r(10,31729,6,143,3587)
w(4,61795,6,143,3588)
w(0,61796,6,143,3589)
w(2,61797,6,143,3590)
w(1,61798,6,143,3591)
w(0,61799,6,143,3592)
w(3,61800,6,143,3593)
w(1,61801,6,143,3594)
w(0,61802,6,143,3595)
w(8,61803,6,143,3596)
w(1,61804,6,143,3597)
w(0,61805,6,143,3598)
w(1,61806,6,143,3599)
r(8,61803,6,144,3600)
r(0,61805,6,144,3601)
r(2,61797,6,144,3602)
r(13,31726,6,144,3603)
r(13,31726,6,144,3604)
r(4,61795,6,144,3605)
r(16,21838,6,144,3606)
r(18,21846,6,144,3607)
r(5,31734,6,144,3608)
r(2,61797,6,144,3609)
r(5,31734,6,144,3610)
r(11,31727,6,144,3611)
r(0,61805,6,144,3612)
r(3,61800,6,144,3613)
r(0,61805,6,144,3614)
r(18,21846,6,144,3615)
r(1,61806,6,144,3616)
r(5,31734,6,144,3617)
r(2,61797,6,144,3618)
r(19,21830,6,144,3619)
r(14,31737,6,144,3620)
r(0,61805,6,144,3621)
r(1,61806,6,144,3622)
r(0,61805,6,144,3623)
r(4,61795,6,144,3624)
r(0,11606,6,146,3650)
r(0,11606,6,146,3651)
r(6,51684,6,146,3652)
r(1,11605,6,146,3653)
r(1,11605,6,146,3654)
r(1,11605,6,146,3655)
r(5,11603,6,146,3656)
r(0,11606,6,146,3657)
r(0,11606,6,146,3658)
r(5,11603,6,146,3659)
r(7,11596,6,146,3660)
r(12,21829,6,146,3661)
r(0,11606,6,146,3662)
r(2,51680,6,146,3663)
w(2,61832,6,146,3664)
w(13,61833,6,146,3665)
w(18,61834,6,146,3666)
w(12,61835,6,146,3667)
w(10,61836,6,146,3668)
w(1,61837,6,146,3669)
w(4,61838,6,146,3670)
w(0,61839,6,146,3671)
w(0,61840,6,146,3672)
w(0,61841,6,146,3673)
w(1,61842,6,146,3674)
r(0,11639,6,148,3700)
r(0,11639,6,148,3701)
r(3,11604,6,148,3702)
r(1,11632,6,148,3703)
r(16,11595,6,148,3704)
r(0,11639,6,148,3705)
r(3,11604,6,148,3706)
r(0,11639,6,148,3707)
r(0,11639,6,148,3708)
r(5,11615,6,148,3709)
r(17,11630,6,148,3710)
r(0,11639,6,148,3711)
r(0,11639,6,148,3712)
r(0,11639,6,148,3713)
r(2,11636,6,148,3714)
r(0,11639,6,148,3715)
r(3,11604,6,148,3716)
r(14,31737,6,148,3717)
r(10,61836,6,148,3718)
r(0,11639,6,148,3719)
r(0,11639,6,148,3720)
r(2,11636,6,148,3721)
r(2,11636,6,148,3722)
r(12,61835,6,148,3723)
r(0,11639,6,148,3724)
r(1,2037,6,162,4050)
r(0,2035,6,162,4051)
r(0,2035,6,162,4052)
r(0,2035,6,162,4053)
r(1,2037,6,162,4054)
r(4,2021,6,162,4055)
r(19,2032,6,162,4056)
r(6,81984,6,162,4057)
r(14,2034,6,162,4058)
r(9,51879,6,162,4059)
r(2,81986,6,162,4060)
r(11,2025,6,162,4061)
r(2,81986,6,162,4062)
r(0,2035,6,162,4063)
r(3,2033,6,162,4064)
r(0,2035,6,162,4065)
r(0,2035,6,162,4066)
r(19,2032,6,162,4067)
r(0,2035,6,162,4068)
r(4,2021,6,162,4069)
r(13,31875,6,162,4070)
r(2,81986,6,162,4071)
r(0,2035,6,162,4072)
r(3,2033,6,162,4073)
r(1,2037,6,162,4074)
r(0,2035,6,163,4075)
r(3,2033,6,163,4076)
r(2,81986,6,163,4077)
r(2,81986,6,163,4078)
r(1,2037,6,163,4079)
r(5,2038,6,163,4080)
r(5,2038,6,163,4081)
r(1,2037,6,163,4082)
r(11,2025,6,163,4083)
r(0,2035,6,163,4084)
r(9,51879,6,163,4085)
r(0,2035,6,163,4086)
r(0,2035,6,163,4087)
w(5,62030,6,163,4088)
w(13,62031,6,163,4089)
w(1,62032,6,163,4090)
w(14,62033,6,163,4091)
w(2,62034,6,163,4092)
w(16,62035,6,163,4093)
w(8,62036,6,163,4094)
w(2,62037,6,163,4095)
w(1,62038,6,163,4096)
w(7,62039,6,163,4097)
w(0,62040,6,163,4098)
w(0,62041,6,163,4099)
r(5,62030,6,164,4100)
r(13,62031,6,164,4101)
r(10,81991,6,164,4102)
r(0,62041,6,164,4103)
r(4,71912,6,164,4104)
r(7,62039,6,164,4105)
r(9,51879,6,164,4106)
r(18,71914,6,164,4107)
r(0,62041,6,164,4108)
r(0,62041,6,164,4109)
r(1,62038,6,164,4110)
r(5,62030,6,164,4111)
r(0,62041,6,164,4112)
r(0,62041,6,164,4113)
r(0,62041,6,164,4114)
r(2,62037,6,164,4115)
r(9,51879,6,164,4116)
r(0,62041,6,164,4117)
r(8,62036,6,164,4118)
r(0,62041,6,164,4119)
r(0,62041,6,164,4120)
r(5,62030,6,164,4121)
r(1,62038,6,164,4122)
r(12,92111,6,164,4123)
r(6,81984,6,164,4124)
r(2,31958,6,166,4150)
r(4,31959,6,166,4151)
r(12,92111,6,166,4152)
r(6,82026,6,166,4153)
r(12,92111,6,166,4154)
r(5,31961,6,166,4155)
r(3,31950,6,166,4156)
r(3,31950,6,166,4157)
r(18,31954,6,166,4158)
r(3,31950,6,166,4159)
r(0,31963,6,166,4160)
r(4,31959,6,166,4161)
w(0,62057,6,166,4162)
w(6,62058,6,166,4163)
w(12,62059,6,166,4164)
w(5,62060,6,166,4165)
w(0,62061,6,166,4166)
w(15,62062,6,166,4167)
w(0,62063,6,166,4168)
w(2,62064,6,166,4169)
w(15,62065,6,166,4170)
w(10,62066,6,166,4171)
w(18,62067,6,166,4172)
w(9,62068,6,166,4173)
w(1,62069,6,166,4174)
r(11,11847,6,167,4175)
r(0,62063,6,167,4176)
r(16,42133,6,167,4177)
r(1,62069,6,167,4178)
r(15,62065,6,167,4179)
r(14,62033,6,167,4180)
r(2,62064,6,167,4181)
r(17,82030,6,167,4182)
r(1,62069,6,167,4183)
r(13,42120,6,167,4184)
r(0,62063,6,167,4185)
r(1,62069,6,167,4186)
w(6,62070,6,167,4187)
w(0,62071,6,167,4188)
w(0,62072,6,167,4189)
w(13,62073,6,167,4190)
w(0,62074,6,167,4191)
w(1,62075,6,167,4192)
w(2,62076,6,167,4193)
w(1,62077,6,167,4194)
w(6,62078,6,167,4195)
w(6,62079,6,167,4196)
w(1,62080,6,167,4197)
w(0,62081,6,167,4198)
w(4,62082,6,167,4199)
r(3,51996,6,169,4225)
r(18,62067,6,169,4226)
r(0,62081,6,169,4227)
r(0,62081,6,169,4228)
r(0,62081,6,169,4229)
r(5,62060,6,169,4230)
r(0,62081,6,169,4231)
r(19,11839,6,169,4232)
r(12,62059,6,169,4233)
r(18,62067,6,169,4234)
r(2,62076,6,169,4235)
r(0,62081,6,169,4236)
r(11,51994,6,169,4237)
r(0,62081,6,169,4238)
r(0,62081,6,169,4239)
r(11,51994,6,169,4240)
r(0,62081,6,169,4241)
r(11,51994,6,169,4242)
r(13,62073,6,169,4243)
r(1,62080,6,169,4244)
r(0,62081,6,169,4245)
r(4,62082,6,169,4246)
r(5,62060,6,169,4247)
r(16,42133,6,169,4248)
r(12,62059,6,169,4249)
r(5,92196,6,170,4250)
r(3,92192,6,170,4251)
r(2,92186,6,170,4252)
r(0,92193,6,170,4253)
r(0,92193,6,170,4254)
r(6,62079,6,170,4255)
r(0,92193,6,170,4256)
r(1,92195,6,170,4257)
r(8,92194,6,170,4258)
r(1,92195,6,170,4259)
r(0,92193,6,170,4260)
r(10,62066,6,170,4261)
r(1,92195,6,170,4262)
r(0,92193,6,170,4263)
r(2,92186,6,170,4264)
r(0,92193,6,170,4265)
r(11,51994,6,170,4266)
w(0,62097,6,170,4267)
w(12,62098,6,170,4268)
w(1,62099,6,170,4269)
w(0,62100,6,170,4270)
w(2,62101,6,170,4271)
w(10,62102,6,170,4272)
w(9,62103,6,170,4273)
w(0,62104,6,170,4274)
r(17,92214,6,171,4275)
r(0,62104,6,171,4276)
r(3,92202,6,171,4277)
r(16,32011,6,171,4278)
r(0,62104,6,171,4279)
r(0,62104,6,171,4280)
r(9,62103,6,171,4281)
r(16,32011,6,171,4282)
r(2,62101,6,171,4283)
r(6,32018,6,171,4284)
r(1,62099,6,171,4285)
r(4,92199,6,171,4286)
r(3,92202,6,171,4287)
r(10,62102,6,171,4288)
w(3,62105,6,171,4289)
w(3,62106,6,171,4290)
w(0,62107,6,171,4291)
w(15,62108,6,171,4292)
w(17,62109,6,171,4293)
w(2,62110,6,171,4294)
w(15,62111,6,171,4295)
w(10,62112,6,171,4296)
w(0,62113,6,171,4297)
w(0,62114,6,171,4298)
w(13,62115,6,171,4299)
r(3,62106,6,172,4300)
r(0,62114,6,172,4301)
r(8,82092,6,172,4302)
r(4,82098,6,172,4303)
r(0,62114,6,172,4304)
r(2,62110,6,172,4305)
r(0,62114,6,172,4306)
r(2,62110,6,172,4307)
r(0,62114,6,172,4308)
r(3,62106,6,172,4309)
r(5,82094,6,172,4310)
r(0,62114,6,172,4311)
r(10,62112,6,172,4312)
r(5,82094,6,172,4313)
r(1,82109,6,172,4314)
r(0,62114,6,172,4315)
r(10,62112,6,172,4316)
r(3,62106,6,172,4317)
r(8,82092,6,172,4318)
r(0,62114,6,172,4319)
r(3,62106,6,172,4320)
r(1,82109,6,172,4321)
r(3,62106,6,172,4322)
r(0,62114,6,172,4323)
r(0,62114,6,172,4324)
r(9,62103,6,173,4325)
r(8,82092,6,173,4326)
r(0,62114,6,173,4327)
r(0,62114,6,173,4328)
r(0,62114,6,173,4329)
r(0,62114,6,173,4330)
r(2,62110,6,173,4331)
r(4,82098,6,173,4332)
r(2,62110,6,173,4333)
r(1,82109,6,173,4334)
r(1,82109,6,173,4335)
r(2,62110,6,173,4336)
r(0,62114,6,173,4337)
r(2,62110,6,173,4338)
w(0,62116,6,173,4339)
w(1,62117,6,173,4340)
w(8,62118,6,173,4341)
w(16,62119,6,173,4342)
w(1,62120,6,173,4343)
w(1,62121,6,173,4344)
w(1,62122,6,173,4345)
w(6,62123,6,173,4346)
w(2,62124,6,173,4347)
w(0,62125,6,173,4348)
w(0,62126,6,173,4349)
r(0,72074,6,176,4400)
r(7,72063,6,176,4401)
r(12,82131,6,176,4402)
r(6,72072,6,176,4403)
r(4,22202,6,176,4404)
r(0,72074,6,176,4405)
r(1,92300,6,176,4406)
r(19,22207,6,176,4407)
r(15,82136,6,176,4408)
r(2,22214,6,176,4409)
r(0,72074,6,176,4410)
r(15,82136,6,176,4411)
r(0,72074,6,176,4412)
r(6,72072,6,176,4413)
r(0,72074,6,176,4414)
r(2,22214,6,176,4415)
r(3,72069,6,176,4416)
r(0,72074,6,176,4417)
r(16,22209,6,176,4418)
r(3,72069,6,176,4419)
r(0,72074,6,176,4420)
r(6,72072,6,176,4421)
r(2,22214,6,176,4422)
r(19,22207,6,176,4423)
r(0,72074,6,176,4424)
r(7,52101,6,179,4475)
r(5,52105,6,179,4476)
r(11,72065,6,179,4477)
r(0,52104,6,179,4478)
r(3,52103,6,179,4479)
r(8,72064,6,179,4480)
r(4,52095,6,179,4481)
r(10,22270,6,179,4482)
r(1,52106,6,179,4483)
r(0,52104,6,179,4484)
r(5,52105,6,179,4485)
r(2,52107,6,179,4486)
r(0,52104,6,179,4487)
r(5,52105,6,179,4488)
w(12,62202,6,179,4489)
w(0,62203,6,179,4490)
w(3,62204,6,179,4491)
w(0,62205,6,179,4492)
w(6,62206,6,179,4493)
w(19,62207,6,179,4494)
w(14,62208,6,179,4495)
w(0,62209,6,179,4496)
w(12,62210,6,179,4497)
w(0,62211,6,179,4498)
w(1,62212,6,179,4499)
r(9,52096,6,180,4500)
r(1,62212,6,180,4501)
r(0,62211,6,180,4502)
r(0,62211,6,180,4503)
r(11,72065,6,180,4504)
r(4,52095,6,180,4505)
r(2,52107,6,180,4506)
r(7,52101,6,180,4507)
r(15,52108,6,180,4508)
r(2,52107,6,180,4509)
r(0,62211,6,180,4510)
r(0,62211,6,180,4511)
r(2,52107,6,180,4512)
r(15,52108,6,180,4513)
r(1,62212,6,180,4514)
r(1,62212,6,180,4515)
r(0,62211,6,180,4516)
r(0,62211,6,180,4517)
r(6,62206,6,180,4518)
r(6,62206,6,180,4519)
r(0,62211,6,180,4520)
r(0,62211,6,180,4521)
r(19,62207,6,180,4522)
r(3,62204,6,180,4523)
r(6,62206,6,180,4524)
r(0,32180,6,183,4575)
r(1,32186,6,183,4576)
r(4,32185,6,183,4577)
r(6,32184,6,183,4578)
r(13,72145,6,183,4579)
r(2,32188,6,183,4580)
r(2,32188,6,183,4581)
r(1,32186,6,183,4582)
r(0,32180,6,183,4583)
r(0,32180,6,183,4584)
r(1,32186,6,183,4585)
r(0,32180,6,183,4586)
r(5,72141,6,183,4587)
r(4,32185,6,183,4588)
r(0,32180,6,183,4589)
r(0,32180,6,183,4590)
r(1,32186,6,183,4591)
r(7,32187,6,183,4592)
r(0,32180,6,183,4593)
r(0,32180,6,183,4594)
r(5,72141,6,183,4595)
r(3,32179,6,183,4596)
r(0,32180,6,183,4597)
r(1,32186,6,183,4598)
r(18,72140,6,183,4599)
r(4,32185,6,184,4600)
r(5,72141,6,184,4601)
r(3,32179,6,184,4602)
r(9,72137,6,184,4603)
r(14,62208,6,184,4604)
r(18,72140,6,184,4605)
r(0,32180,6,184,4606)
r(5,72141,6,184,4607)
r(2,32188,6,184,4608)
r(4,32185,6,184,4609)
r(2,32188,6,184,4610)
r(2,32188,6,184,4611)
r(7,32187,6,184,4612)
r(0,32180,6,184,4613)
r(8,72064,6,184,4614)
w(6,62238,6,184,4615)
w(7,62239,6,184,4616)
w(14,62240,6,184,4617)
w(7,62241,6,184,4618)
w(0,62242,6,184,4619)
w(3,62243,6,184,4620)
w(0,62244,6,184,4621)
w(6,62245,6,184,4622)
w(4,62246,6,184,4623)
w(5,62247,6,184,4624)
r(1,32207,6,185,4625)
r(14,62240,6,185,4626)
r(7,62241,6,185,4627)
r(1,32207,6,185,4628)
r(0,62244,6,185,4629)
r(0,62244,6,185,4630)
r(1,32207,6,185,4631)
r(12,62210,6,185,4632)
r(1,32207,6,185,4633)
r(6,62245,6,185,4634)
r(10,32196,6,185,4635)
r(0,62244,6,185,4636)
r(0,62244,6,185,4637)
r(0,62244,6,185,4638)
r(16,32198,6,185,4639)
r(0,62244,6,185,4640)
r(7,62241,6,185,4641)
r(0,62244,6,185,4642)
r(1,32207,6,185,4643)
r(2,32193,6,185,4644)
r(0,62244,6,185,4645)
r(1,32207,6,185,4646)
r(2,32193,6,185,4647)
r(0,62244,6,185,4648)
r(1,32207,6,185,4649)
r(10,42352,6,186,4650)
r(6,42357,6,186,4651)
r(0,42364,6,186,4652)
r(6,42357,6,186,4653)
r(6,42357,6,186,4654)
r(4,42344,6,186,4655)
r(4,42344,6,186,4656)
r(0,42364,6,186,4657)
r(0,42364,6,186,4658)
r(3,42351,6,186,4659)
r(0,42364,6,186,4660)
r(2,42354,6,186,4661)
r(2,42354,6,186,4662)
r(11,42361,6,186,4663)
r(10,42352,6,186,4664)
r(1,42365,6,186,4665)
r(6,42357,6,186,4666)
r(0,42364,6,186,4667)
r(0,42364,6,186,4668)
r(11,42361,6,186,4669)
r(0,42364,6,186,4670)
r(0,42364,6,186,4671)
r(0,42364,6,186,4672)
r(1,42365,6,186,4673)
r(0,42364,6,186,4674)
r(4,32217,6,188,4700)
r(4,32217,6,188,4701)
r(3,32222,6,188,4702)
r(0,32223,6,188,4703)
r(3,32222,6,188,4704)
r(2,42354,6,188,4705)
r(4,32217,6,188,4706)
r(5,62247,6,188,4707)
r(0,32223,6,188,4708)
r(2,42354,6,188,4709)
r(2,42354,6,188,4710)
r(1,32218,6,188,4711)
r(18,72140,6,188,4712)
r(1,32218,6,188,4713)
r(8,42366,6,188,4714)
r(7,42348,6,188,4715)
r(0,32223,6,188,4716)
r(8,42366,6,188,4717)
r(18,72140,6,188,4718)
r(0,32223,6,188,4719)
r(0,32223,6,188,4720)
r(0,32223,6,188,4721)
r(13,42356,6,188,4722)
r(2,42354,6,188,4723)
r(3,32222,6,188,4724)
r(0,22393,6,190,4750)
r(3,52216,6,190,4751)
r(3,52216,6,190,4752)
r(6,52214,6,190,4753)
r(1,52221,6,190,4754)
r(6,52214,6,190,4755)
r(1,52221,6,190,4756)
r(0,22393,6,190,4757)
r(2,22371,6,190,4758)
w(1,62275,6,190,4759)
w(8,62276,6,190,4760)
w(10,62277,6,190,4761)
w(7,62278,6,190,4762)
w(18,62279,6,190,4763)
w(8,62280,6,190,4764)
w(0,62281,6,190,4765)
w(15,62282,6,190,4766)
w(17,62283,6,190,4767)
w(9,62284,6,190,4768)
w(15,62285,6,190,4769)
w(3,62286,6,190,4770)
w(3,62287,6,190,4771)
w(0,62288,6,190,4772)
w(0,62289,6,190,4773)
w(12,62290,6,190,4774)
r(0,2419,6,196,4900)
r(19,2408,6,196,4901)
r(18,12199,6,196,4902)
r(8,2421,6,196,4903)
r(7,12187,6,196,4904)
r(1,12191,6,196,4905)
r(9,2414,6,196,4906)
r(5,12204,6,196,4907)
r(0,2419,6,196,4908)
r(4,12192,6,196,4909)
r(0,2419,6,196,4910)
r(0,2419,6,196,4911)
r(0,2419,6,196,4912)
r(18,12199,6,196,4913)
r(3,2417,6,196,4914)
r(3,2417,6,196,4915)
r(0,2419,6,196,4916)
r(0,2419,6,196,4917)
r(5,12204,6,196,4918)
r(2,2424,6,196,4919)
r(1,12191,6,196,4920)
r(0,2419,6,196,4921)
r(16,2404,6,196,4922)
r(0,2419,6,196,4923)
r(4,12192,6,196,4924)
r(6,12195,6,197,4925)
r(0,42471,6,197,4926)
r(5,82418,6,197,4927)
r(3,42473,6,197,4928)
r(10,2393,6,197,4929)
r(7,82421,6,197,4930)
r(6,12195,6,197,4931)
r(6,12195,6,197,4932)
r(1,42469,6,197,4933)
r(3,42473,6,197,4934)
r(1,42469,6,197,4935)
r(2,42465,6,197,4936)
r(1,42469,6,197,4937)
r(3,42473,6,197,4938)
r(3,42473,6,197,4939)
r(6,12195,6,197,4940)
w(12,62365,6,197,4941)
w(1,62366,6,197,4942)
w(2,62367,6,197,4943)
w(9,62368,6,197,4944)
w(6,62369,6,197,4945)
w(9,62370,6,197,4946)
w(1,62371,6,197,4947)
w(2,62372,6,197,4948)
w(0,62373,6,197,4949)
r(1,62371,6,198,4950)
r(13,22510,6,198,4951)
r(0,62373,6,198,4952)
r(1,62371,6,198,4953)
r(0,62373,6,198,4954)
r(3,2438,6,198,4955)
r(6,62369,6,198,4956)
r(15,82420,6,198,4957)
r(2,62372,6,198,4958)
r(8,42466,6,198,4959)
r(0,62373,6,198,4960)
r(0,62373,6,198,4961)
r(6,62369,6,198,4962)
w(0,62374,6,198,4963)
w(0,62375,6,198,4964)
w(11,62376,6,198,4965)
w(0,62377,6,198,4966)
w(6,62378,6,198,4967)
w(0,62379,6,198,4968)
w(10,62380,6,198,4969)
w(4,62381,6,198,4970)
w(12,62382,6,198,4971)
w(0,62383,6,198,4972)
w(10,62384,6,198,4973)
w(0,62385,6,198,4974)
r(0,62385,6,199,4975)
r(0,62385,6,199,4976)
r(8,42466,6,199,4977)
r(3,2438,6,199,4978)
r(1,62371,6,199,4979)
r(1,62371,6,199,4980)
r(1,62371,6,199,4981)
r(0,62385,6,199,4982)
r(0,62385,6,199,4983)
r(5,22514,6,199,4984)
w(0,62386,6,199,4985)
w(0,62387,6,199,4986)
w(0,62388,6,199,4987)
w(9,62389,6,199,4988)
w(1,62390,6,199,4989)
w(2,62391,6,199,4990)
w(0,62392,6,199,4991)
w(3,62393,6,199,4992)
w(0,62394,6,199,4993)
w(2,62395,6,199,4994)
w(16,62396,6,199,4995)
w(3,62397,6,199,4996)
w(17,62398,6,199,4997)
w(2,62399,6,199,4998)
w(3,62400,6,199,4999)
r(13,72354,6,202,5050)
r(3,32456,6,202,5051)
r(19,32437,6,202,5052)
r(10,42572,6,202,5053)
r(0,32454,6,202,5054)
r(14,42576,6,202,5055)
r(14,42576,6,202,5056)
r(5,32458,6,202,5057)
r(0,32454,6,202,5058)
r(0,32454,6,202,5059)
r(0,32454,6,202,5060)
r(3,32456,6,202,5061)
r(0,32454,6,202,5062)
r(0,32454,6,202,5063)
r(0,32454,6,202,5064)
r(15,42571,6,202,5065)
r(2,32457,6,202,5066)
r(0,32454,6,202,5067)
r(0,32454,6,202,5068)
r(0,32454,6,202,5069)
r(10,42572,6,202,5070)
r(14,42576,6,202,5071)
r(0,32454,6,202,5072)
r(1,32455,6,202,5073)
r(2,32457,6,202,5074)
r(0,32454,6,203,5075)
r(7,32446,6,203,5076)
r(1,32455,6,203,5077)
r(15,42571,6,203,5078)
r(0,32454,6,203,5079)
r(7,32446,6,203,5080)
r(12,32444,6,203,5081)
r(0,32454,6,203,5082)
r(5,32458,6,203,5083)
r(0,32454,6,203,5084)
r(0,32454,6,203,5085)
r(0,32454,6,203,5086)
r(16,32450,6,203,5087)
r(8,32445,6,203,5088)
r(0,32454,6,203,5089)
r(11,32452,6,203,5090)
r(8,32445,6,203,5091)
r(10,42572,6,203,5092)
r(5,32458,6,203,5093)
r(8,32445,6,203,5094)
r(0,32454,6,203,5095)
r(3,32456,6,203,5096)
r(2,32457,6,203,5097)
r(3,32456,6,203,5098)
r(3,32456,6,203,5099)
r(8,2618,6,210,5250)
r(18,42691,6,210,5251)
r(3,42681,6,210,5252)
r(5,2616,6,210,5253)
r(0,52519,6,210,5254)
r(2,52520,6,210,5255)
r(1,52516,6,210,5256)
r(1,52516,6,210,5257)
r(4,42686,6,210,5258)
r(0,52519,6,210,5259)
r(0,52519,6,210,5260)
r(0,52519,6,210,5261)
r(13,52513,6,210,5262)
r(0,52519,6,210,5263)
r(0,52519,6,210,5264)
r(17,92699,6,210,5265)
r(11,42689,6,210,5266)
w(0,62539,6,210,5267)
w(14,62540,6,210,5268)
w(1,62541,6,210,5269)
w(6,62542,6,210,5270)
w(0,62543,6,210,5271)
w(6,62544,6,210,5272)
w(12,62545,6,210,5273)
w(2,62546,6,210,5274)
r(18,52579,6,218,5450)
r(1,72594,6,218,5451)
r(0,72592,6,218,5452)
r(0,72592,6,218,5453)
r(4,52570,6,218,5454)
r(13,52513,6,218,5455)
r(1,72594,6,218,5456)
r(0,72592,6,218,5457)
r(1,72594,6,218,5458)
r(4,52570,6,218,5459)
r(14,72595,6,218,5460)
r(3,72587,6,218,5461)
r(8,42758,6,218,5462)
r(6,72584,6,218,5463)
r(18,52579,6,218,5464)
r(9,42763,6,218,5465)
r(3,72587,6,218,5466)
r(8,42758,6,218,5467)
r(0,72592,6,218,5468)
r(5,72596,6,218,5469)
r(9,42763,6,218,5470)
r(7,72590,6,218,5471)
r(0,72592,6,218,5472)
r(6,72584,6,218,5473)
r(3,72587,6,218,5474)
r(10,12621,6,225,5625)
r(1,32822,6,225,5626)
r(6,32827,6,225,5627)
r(6,32827,6,225,5628)
r(0,32816,6,225,5629)
r(0,32816,6,225,5630)
r(0,32816,6,225,5631)
r(5,32821,6,225,5632)
r(0,32816,6,225,5633)
r(0,32816,6,225,5634)
r(7,32818,6,225,5635)
r(3,32825,6,225,5636)
r(8,72701,6,225,5637)
r(0,32816,6,225,5638)
w(0,62735,6,225,5639)
w(3,62736,6,225,5640)
w(0,62737,6,225,5641)
w(0,62738,6,225,5642)
w(10,62739,6,225,5643)
w(0,62740,6,225,5644)
w(5,62741,6,225,5645)
w(2,62742,6,225,5646)
w(10,62743,6,225,5647)
w(9,62744,6,225,5648)
w(2,62745,6,225,5649)
r(2,32855,6,227,5675)
r(0,32856,6,227,5676)
r(1,32822,6,227,5677)
r(13,12624,6,227,5678)
r(6,32827,6,227,5679)
r(5,62741,6,227,5680)
r(12,32844,6,227,5681)
r(1,32822,6,227,5682)
r(3,62736,6,227,5683)
r(7,32818,6,227,5684)
r(0,32856,6,227,5685)
r(2,32855,6,227,5686)
r(1,32822,6,227,5687)
r(11,32854,6,227,5688)
r(5,62741,6,227,5689)
r(7,32818,6,227,5690)
r(0,32856,6,227,5691)
r(5,62741,6,227,5692)
r(1,32822,6,227,5693)
r(0,32856,6,227,5694)
r(0,32856,6,227,5695)
r(0,32856,6,227,5696)
r(13,12624,6,227,5697)
r(5,62741,6,227,5698)
r(1,32822,6,227,5699)
r(12,32844,6,228,5700)
r(3,62736,6,228,5701)
r(0,52837,6,228,5702)
r(2,32855,6,228,5703)
r(12,32844,6,228,5704)
r(0,52837,6,228,5705)
r(18,32852,6,228,5706)
r(10,62743,6,228,5707)
r(1,52835,6,228,5708)
r(6,32827,6,228,5709)
r(3,62736,6,228,5710)
r(2,32855,6,228,5711)
r(10,62743,6,228,5712)
r(3,62736,6,228,5713)
r(1,52835,6,228,5714)
r(3,62736,6,228,5715)
r(0,52837,6,228,5716)
r(2,32855,6,228,5717)
r(1,52835,6,228,5718)
r(0,52837,6,228,5719)
r(3,62736,6,228,5720)
r(16,12615,6,228,5721)
r(12,32844,6,228,5722)
r(0,52837,6,228,5723)
r(0,52837,6,228,5724)
w(0,62771,6,229,5725)
w(4,62772,6,229,5726)
w(4,62773,6,229,5727)
w(11,62774,6,229,5728)
w(6,62775,6,229,5729)
w(8,62776,6,229,5730)
w(0,62777,6,229,5731)
w(0,62778,6,229,5732)
w(13,62779,6,229,5733)
w(2,62780,6,229,5734)
w(0,62781,6,229,5735)
w(14,62782,6,229,5736)
w(3,62783,6,229,5737)
w(0,62784,6,229,5738)
w(0,62785,6,229,5739)
w(2,62786,6,229,5740)
w(0,62787,6,229,5741)
w(13,62788,6,229,5742)
w(1,62789,6,229,5743)
w(1,62790,6,229,5744)
w(3,62791,6,229,5745)
w(4,62792,6,229,5746)
w(2,62793,6,229,5747)
w(11,62794,6,229,5748)
w(6,62795,6,229,5749)
r(14,62782,6,230,5750)
r(0,62787,6,230,5751)
r(9,82849,6,230,5752)
r(0,62787,6,230,5753)
r(9,82849,6,230,5754)
r(19,82845,6,230,5755)
r(0,62787,6,230,5756)
r(5,82850,6,230,5757)
r(0,62787,6,230,5758)
r(9,82849,6,230,5759)
r(12,32844,6,230,5760)
r(1,62790,6,230,5761)
r(1,62790,6,230,5762)
w(0,62796,6,230,5763)
w(2,62797,6,230,5764)
w(13,62798,6,230,5765)
w(0,62799,6,230,5766)
w(0,62800,6,230,5767)
w(0,62801,6,230,5768)
w(5,62802,6,230,5769)
w(1,62803,6,230,5770)
w(0,62804,6,230,5771)
w(0,62805,6,230,5772)
w(2,62806,6,230,5773)
w(0,62807,6,230,5774)
r(6,12712,6,234,5850)
r(13,42975,6,234,5851)
r(6,12712,6,234,5852)
r(9,2834,6,234,5853)
r(2,12720,6,234,5854)
r(1,12719,6,234,5855)
r(1,12719,6,234,5856)
r(12,32896,6,234,5857)
r(11,62794,6,234,5858)
r(6,12712,6,234,5859)
r(2,12720,6,234,5860)
r(0,12715,6,234,5861)
r(2,12720,6,234,5862)
r(0,12715,6,234,5863)
r(1,12719,6,234,5864)
r(15,42959,6,234,5865)
r(1,12719,6,234,5866)
r(3,42979,6,234,5867)
r(0,12715,6,234,5868)
r(6,12712,6,234,5869)
r(0,12715,6,234,5870)
r(16,82916,6,234,5871)
r(11,62794,6,234,5872)
r(12,32896,6,234,5873)
r(6,12712,6,234,5874)
r(6,12712,6,235,5875)
r(14,12709,6,235,5876)
r(0,12715,6,235,5877)
r(2,12720,6,235,5878)
r(0,12715,6,235,5879)
r(0,12715,6,235,5880)
r(9,2834,6,235,5881)
r(5,12717,6,235,5882)
r(0,12715,6,235,5883)
r(7,42977,6,235,5884)
r(0,12715,6,235,5885)
r(0,12715,6,235,5886)
w(10,62852,6,235,5887)
w(0,62853,6,235,5888)
w(0,62854,6,235,5889)
w(3,62855,6,235,5890)
w(0,62856,6,235,5891)
w(0,62857,6,235,5892)
w(6,62858,6,235,5893)
w(18,62859,6,235,5894)
w(0,62860,6,235,5895)
w(0,62861,6,235,5896)
w(2,62862,6,235,5897)
w(0,62863,6,235,5898)
w(3,62864,6,235,5899)
r(5,2913,6,238,5950)
r(1,43041,6,238,5951)
r(9,2915,6,238,5952)
r(8,43042,6,238,5953)
r(4,43035,6,238,5954)
r(5,2913,6,238,5955)
r(0,43043,6,238,5956)
r(3,2902,6,238,5957)
r(3,2902,6,238,5958)
r(14,82945,6,238,5959)
r(0,43043,6,238,5960)
r(1,43041,6,238,5961)
r(4,43035,6,238,5962)
r(5,2913,6,238,5963)
r(3,2902,6,238,5964)
r(6,72838,6,238,5965)
r(0,43043,6,238,5966)
r(0,43043,6,238,5967)
r(0,43043,6,238,5968)
r(0,43043,6,238,5969)
r(5,2913,6,238,5970)
r(3,2902,6,238,5971)
r(5,2913,6,238,5972)
r(0,43043,6,238,5973)
r(2,43038,6,238,5974)
r(3,32966,6,239,5975)
r(4,43035,6,239,5976)
r(4,43035,6,239,5977)
r(17,32902,6,239,5978)
r(19,32979,6,239,5979)
r(13,2914,6,239,5980)
r(6,32976,6,239,5981)
r(0,32977,6,239,5982)
r(4,43035,6,239,5983)
r(0,32977,6,239,5984)
r(0,32977,6,239,5985)
r(0,32977,6,239,5986)
r(4,43035,6,239,5987)
r(13,2914,6,239,5988)
r(1,32974,6,239,5989)
r(0,32977,6,239,5990)
r(2,43038,6,239,5991)
r(16,32968,6,239,5992)
r(10,32971,6,239,5993)
r(19,32979,6,239,5994)
r(2,43038,6,239,5995)
r(1,32974,6,239,5996)
r(1,32974,6,239,5997)
r(3,32966,6,239,5998)
r(1,32974,6,239,5999)
r(0,32977,6,240,6000)
r(2,43038,6,240,6001)
r(0,32977,6,240,6002)
r(0,32977,6,240,6003)
r(4,43035,6,240,6004)
r(9,32970,6,240,6005)
r(3,32966,6,240,6006)
r(12,32978,6,240,6007)
r(1,32974,6,240,6008)
r(15,42959,6,240,6009)
r(5,2913,6,240,6010)
r(3,32966,6,240,6011)
r(15,42959,6,240,6012)
r(9,32970,6,240,6013)
r(4,43035,6,240,6014)
w(0,62904,6,240,6015)
w(8,62905,6,240,6016)
w(10,62906,6,240,6017)
w(2,62907,6,240,6018)
w(11,62908,6,240,6019)
w(0,62909,6,240,6020)
w(14,62910,6,240,6021)
w(16,62911,6,240,6022)
w(0,62912,6,240,6023)
w(0,62913,6,240,6024)
r(15,42959,6,241,6025)
r(12,43052,6,241,6026)
r(2,62907,6,241,6027)
r(0,62913,6,241,6028)
r(10,62906,6,241,6029)
r(1,43051,6,241,6030)
r(1,43051,6,241,6031)
r(6,43055,6,241,6032)
r(12,43052,6,241,6033)
r(1,43051,6,241,6034)
r(3,43049,6,241,6035)
r(3,43049,6,241,6036)
r(0,62913,6,241,6037)
r(0,62913,6,241,6038)
r(7,43039,6,241,6039)
r(4,43035,6,241,6040)
r(0,62913,6,241,6041)
r(8,62905,6,241,6042)
r(4,43035,6,241,6043)
r(12,43052,6,241,6044)
r(11,62908,6,241,6045)
r(3,43049,6,241,6046)
r(14,62910,6,241,6047)
r(2,62907,6,241,6048)
r(4,43035,6,241,6049)
r(16,83038,6,246,6150)
r(5,83029,6,246,6151)
r(2,12802,6,246,6152)
r(6,33025,6,246,6153)
r(9,33019,6,246,6154)
r(0,83035,6,246,6155)
r(9,33019,6,246,6156)
r(0,83035,6,246,6157)
r(15,42959,6,246,6158)
r(2,12802,6,246,6159)
r(5,83029,6,246,6160)
r(0,83035,6,246,6161)
r(4,83037,6,246,6162)
r(1,83028,6,246,6163)
r(1,83028,6,246,6164)
r(2,12802,6,246,6165)
r(0,83035,6,246,6166)
w(0,62975,6,246,6167)
w(13,62976,6,246,6168)
w(1,62977,6,246,6169)
w(2,62978,6,246,6170)
w(2,62979,6,246,6171)
w(9,62980,6,246,6172)
w(3,62981,6,246,6173)
w(0,62982,6,246,6174)
r(1,83088,6,249,6225)
r(2,33093,6,249,6226)
r(11,33073,6,249,6227)
r(0,33104,6,249,6228)
r(0,33104,6,249,6229)
r(5,33099,6,249,6230)
r(0,33104,6,249,6231)
r(0,33104,6,249,6232)
r(0,33104,6,249,6233)
r(14,33070,6,249,6234)
r(0,33104,6,249,6235)
r(11,33073,6,249,6236)
r(0,33104,6,249,6237)
r(3,33105,6,249,6238)
r(18,83092,6,249,6239)
r(0,33104,6,249,6240)
r(0,33104,6,249,6241)
w(17,63022,6,249,6242)
w(0,63023,6,249,6243)
w(0,63024,6,249,6244)
w(12,63025,6,249,6245)
w(0,63026,6,249,6246)
w(7,63027,6,249,6247)
w(3,63028,6,249,6248)
w(4,63029,6,249,6249)
r(0,43195,6,251,6275)
r(5,3078,6,251,6276)
r(7,3072,6,251,6277)
r(3,43190,6,251,6278)
r(1,43194,6,251,6279)
r(5,3078,6,251,6280)
r(0,43195,6,251,6281)
r(7,3072,6,251,6282)
r(15,72933,6,251,6283)
r(0,43195,6,251,6284)
r(1,43194,6,251,6285)
r(2,43189,6,251,6286)
r(0,43195,6,251,6287)
w(4,63055,6,251,6288)
w(8,63056,6,251,6289)
w(11,63057,6,251,6290)
w(1,63058,6,251,6291)
w(3,63059,6,251,6292)
w(2,63060,6,251,6293)
w(1,63061,6,251,6294)
w(2,63062,6,251,6295)
w(1,63063,6,251,6296)
w(11,63064,6,251,6297)
w(8,63065,6,251,6298)
w(1,63066,6,251,6299)
w(17,63067,6,252,6300)
w(0,63068,6,252,6301)
w(1,63069,6,252,6302)
w(4,63070,6,252,6303)
w(11,63071,6,252,6304)
w(19,63072,6,252,6305)
w(0,63073,6,252,6306)
w(1,63074,6,252,6307)
w(2,63075,6,252,6308)
w(0,63076,6,252,6309)
w(2,63077,6,252,6310)
w(0,63078,6,252,6311)
w(1,63079,6,252,6312)
w(2,63080,6,252,6313)
w(5,63081,6,252,6314)
w(1,63082,6,252,6315)
w(0,63083,6,252,6316)
w(6,63084,6,252,6317)
w(9,63085,6,252,6318)
w(4,63086,6,252,6319)
w(6,63087,6,252,6320)
w(1,63088,6,252,6321)
w(0,63089,6,252,6322)
w(0,63090,6,252,6323)
w(0,63091,6,252,6324)
w(13,63092,6,253,6325)
w(14,63093,6,253,6326)
w(2,63094,6,253,6327)
w(0,63095,6,253,6328)
w(5,63096,6,253,6329)
w(3,63097,6,253,6330)
w(3,63098,6,253,6331)
w(0,63099,6,253,6332)
w(2,63100,6,253,6333)
w(14,63101,6,253,6334)
w(14,63102,6,253,6335)
w(0,63103,6,253,6336)
w(11,63104,6,253,6337)
w(0,63105,6,253,6338)
w(5,63106,6,253,6339)
w(4,63107,6,253,6340)
w(1,63108,6,253,6341)
w(2,63109,6,253,6342)
w(13,63110,6,253,6343)
w(17,63111,6,253,6344)
w(6,63112,6,253,6345)
w(0,63113,6,253,6346)
w(9,63114,6,253,6347)
w(13,63115,6,253,6348)
w(11,63116,6,253,6349)
r(14,63102,6,255,6375)
r(2,3108,6,255,6376)
r(2,3108,6,255,6377)
r(2,3108,6,255,6378)
r(10,43197,6,255,6379)
r(2,3108,6,255,6380)
r(16,93289,6,255,6381)
r(5,93301,6,255,6382)
r(6,93290,6,255,6383)
w(10,63128,6,255,6384)
w(12,63129,6,255,6385)
w(9,63130,6,255,6386)
w(2,63131,6,255,6387)
w(13,63132,6,255,6388)
w(7,63133,6,255,6389)
w(4,63134,6,255,6390)
w(0,63135,6,255,6391)
w(2,63136,6,255,6392)
w(0,63137,6,255,6393)
w(0,63138,6,255,6394)
w(0,63139,6,255,6395)
w(0,63140,6,255,6396)
w(2,63141,6,255,6397)
w(6,63142,6,255,6398)
w(0,63143,6,255,6399)
