r(0,0,3,0,0)
r(4,0,3,0,1)
r(0,0,3,0,2)
r(11,0,3,0,3)
r(10,0,3,0,4)
r(2,0,3,0,5)
r(12,0,3,0,6)
r(0,0,3,0,7)
r(3,0,3,0,8)
r(7,0,3,0,9)
r(6,0,3,0,10)
r(12,0,3,0,11)
r(3,0,3,0,12)
w(2,30001,3,0,13)
w(2,30002,3,0,14)
w(0,30003,3,0,15)
w(0,30004,3,0,16)
w(7,30005,3,0,17)
w(7,30006,3,0,18)
w(1,30007,3,0,19)
w(2,30008,3,0,20)
w(0,30009,3,0,21)
w(3,30010,3,0,22)
w(0,30011,3,0,23)
w(7,30012,3,0,24)
r(2,40149,3,8,200)
r(11,20109,3,8,201)
r(19,90009,3,8,202)
r(1,70152,3,8,203)
r(0,70155,3,8,204)
r(0,70155,3,8,205)
r(12,70159,3,8,206)
r(9,70154,3,8,207)
r(1,70152,3,8,208)
r(0,70155,3,8,209)
r(1,70152,3,8,210)
r(5,70151,3,8,211)
r(17,40081,3,8,212)
r(12,70159,3,8,213)
r(3,40141,3,8,214)
r(3,40141,3,8,215)
r(0,70155,3,8,216)
r(9,70154,3,8,217)
r(1,70152,3,8,218)
w(0,30152,3,8,219)
w(2,30153,3,8,220)
w(9,30154,3,8,221)
w(12,30155,3,8,222)
w(0,30156,3,8,223)
w(2,30157,3,8,224)
r(0,30156,3,9,225)
r(0,30156,3,9,226)
r(2,30157,3,9,227)
r(0,30156,3,9,228)
r(0,30156,3,9,229)
r(7,40138,3,9,230)
r(3,40141,3,9,231)
r(0,30156,3,9,232)
r(6,70135,3,9,233)
r(3,40141,3,9,234)
r(2,30157,3,9,235)
r(3,40141,3,9,236)
r(8,70158,3,9,237)
r(0,30156,3,9,238)
r(5,70151,3,9,239)
r(0,30156,3,9,240)
r(6,70135,3,9,241)
r(10,70157,3,9,242)
r(0,30156,3,9,243)
r(2,30157,3,9,244)
r(2,30157,3,9,245)
r(0,30156,3,9,246)
r(7,40138,3,9,247)
r(0,30156,3,9,248)
r(0,30156,3,9,249)
w(0,30220,3,15,375)
w(10,30221,3,15,376)
w(0,30222,3,15,377)
w(0,30223,3,15,378)
w(9,30224,3,15,379)
w(2,30225,3,15,380)
w(10,30226,3,15,381)
w(1,30227,3,15,382)
w(8,30228,3,15,383)
w(3,30229,3,15,384)
w(17,30230,3,15,385)
w(6,30231,3,15,386)
w(2,30232,3,15,387)
w(0,30233,3,15,388)
w(0,30234,3,15,389)
w(0,30235,3,15,390)
w(3,30236,3,15,391)
w(9,30237,3,15,392)
w(1,30238,3,15,393)
w(7,30239,3,15,394)
w(0,30240,3,15,395)
w(7,30241,3,15,396)
w(11,30242,3,15,397)
w(0,30243,3,15,398)
w(0,30244,3,15,399)
r(1,90251,3,17,425)
r(2,90255,3,17,426)
r(8,90243,3,17,427)
r(4,90247,3,17,428)
r(3,90240,3,17,429)
r(2,90255,3,17,430)
r(3,90240,3,17,431)
r(1,90251,3,17,432)
r(1,90251,3,17,433)
r(2,90255,3,17,434)
r(0,90256,3,17,435)
r(9,20275,3,17,436)
r(0,90256,3,17,437)
w(7,30256,3,17,438)
w(3,30257,3,17,439)
w(13,30258,3,17,440)
w(0,30259,3,17,441)
w(12,30260,3,17,442)
w(14,30261,3,17,443)
w(2,30262,3,17,444)
w(2,30263,3,17,445)
w(3,30264,3,17,446)
w(0,30265,3,17,447)
w(7,30266,3,17,448)
w(5,30267,3,17,449)
r(0,10399,3,24,600)
r(5,10395,3,24,601)
r(0,10399,3,24,602)
r(18,20429,3,24,603)
r(0,10399,3,24,604)
r(0,10399,3,24,605)
r(4,10408,3,24,606)
r(0,10399,3,24,607)
r(4,10408,3,24,608)
r(0,10399,3,24,609)
r(0,10399,3,24,610)
r(1,10409,3,24,611)
r(0,10399,3,24,612)
r(1,10409,3,24,613)
r(0,10399,3,24,614)
r(0,10399,3,24,615)
r(0,10399,3,24,616)
r(16,50284,3,24,617)
r(5,10395,3,24,618)
r(0,10399,3,24,619)
r(4,10408,3,24,620)
r(2,10410,3,24,621)
r(4,10408,3,24,622)
r(1,10409,3,24,623)
r(12,10400,3,24,624)
r(3,10424,3,26,650)
r(7,20459,3,26,651)
r(5,90461,3,26,652)
r(4,10413,3,26,653)
r(9,90465,3,26,654)
r(12,10420,3,26,655)
r(4,10413,3,26,656)
r(1,10422,3,26,657)
r(5,90461,3,26,658)
r(13,10383,3,26,659)
r(0,90466,3,26,660)
r(0,90466,3,26,661)
r(7,20459,3,26,662)
w(0,30408,3,26,663)
w(1,30409,3,26,664)
w(1,30410,3,26,665)
w(10,30411,3,26,666)
w(1,30412,3,26,667)
w(0,30413,3,26,668)
w(0,30414,3,26,669)
w(10,30415,3,26,670)
w(12,30416,3,26,671)
w(0,30417,3,26,672)
w(3,30418,3,26,673)
w(0,30419,3,26,674)
r(4,40513,3,33,825)
r(3,50488,3,33,826)
r(6,40512,3,33,827)
r(1,40514,3,33,828)
r(1,40514,3,33,829)
r(5,50482,3,33,830)
r(2,40520,3,33,831)
r(3,50488,3,33,832)
r(1,40514,3,33,833)
r(10,50492,3,33,834)
r(2,40520,3,33,835)
r(1,40514,3,33,836)
r(2,40520,3,33,837)
r(5,50482,3,33,838)
r(3,50488,3,33,839)
w(4,30512,3,33,840)
w(8,30513,3,33,841)
w(1,30514,3,33,842)
w(8,30515,3,33,843)
w(0,30516,3,33,844)
w(2,30517,3,33,845)
w(11,30518,3,33,846)
w(6,30519,3,33,847)
w(13,30520,3,33,848)
w(10,30521,3,33,849)
r(3,50488,3,34,850)
r(16,40517,3,34,851)
r(4,30512,3,34,852)
r(3,50488,3,34,853)
r(5,50482,3,34,854)
r(0,30516,3,34,855)
r(3,50488,3,34,856)
r(3,50488,3,34,857)
r(0,30516,3,34,858)
r(2,30517,3,34,859)
r(1,30514,3,34,860)
r(1,30514,3,34,861)
r(1,30514,3,34,862)
r(0,30516,3,34,863)
r(0,30516,3,34,864)
r(0,30516,3,34,865)
r(13,30520,3,34,866)
r(2,30517,3,34,867)
r(0,30516,3,34,868)
r(6,30519,3,34,869)
r(0,30516,3,34,870)
r(1,30514,3,34,871)
r(5,50482,3,34,872)
r(0,30516,3,34,873)
r(4,30512,3,34,874)
w(19,30563,3,37,925)
w(16,30564,3,37,926)
w(16,30565,3,37,927)
w(3,30566,3,37,928)
w(2,30567,3,37,929)
w(5,30568,3,37,930)
w(6,30569,3,37,931)
w(2,30570,3,37,932)
w(2,30571,3,37,933)
w(0,30572,3,37,934)
w(1,30573,3,37,935)
w(18,30574,3,37,936)
w(1,30575,3,37,937)
w(0,30576,3,37,938)
w(0,30577,3,37,939)
w(1,30578,3,37,940)
w(0,30579,3,37,941)
w(2,30580,3,37,942)
w(3,30581,3,37,943)
w(5,30582,3,37,944)
w(0,30583,3,37,945)
w(0,30584,3,37,946)
w(17,30585,3,37,947)
w(0,30586,3,37,948)
w(5,30587,3,37,949)
r(5,50556,3,41,1025)
r(0,80659,3,41,1026)
r(0,80659,3,41,1027)
r(9,50561,3,41,1028)
r(7,50559,3,41,1029)
r(0,80659,3,41,1030)
r(4,50563,3,41,1031)
r(2,50564,3,41,1032)
r(1,50558,3,41,1033)
r(7,50559,3,41,1034)
r(0,80659,3,41,1035)
r(7,50559,3,41,1036)
r(2,50564,3,41,1037)
r(3,80662,3,41,1038)
r(0,80659,3,41,1039)
r(1,50558,3,41,1040)
r(9,50561,3,41,1041)
r(2,50564,3,41,1042)
r(3,80662,3,41,1043)
r(17,50560,3,41,1044)
r(12,80652,3,41,1045)
r(1,50558,3,41,1046)
r(0,80659,3,41,1047)
r(6,80654,3,41,1048)
r(0,80659,3,41,1049)
r(5,20740,3,47,1175)
r(6,769,3,47,1176)
r(0,80732,3,47,1177)
r(0,80732,3,47,1178)
r(0,80732,3,47,1179)
r(16,80728,3,47,1180)
r(6,769,3,47,1181)
r(14,80685,3,47,1182)
r(2,20741,3,47,1183)
r(0,80732,3,47,1184)
r(1,80733,3,47,1185)
r(0,80732,3,47,1186)
r(0,80732,3,47,1187)
r(1,80733,3,47,1188)
r(3,80734,3,47,1189)
r(0,80732,3,47,1190)
r(4,10647,3,47,1191)
r(9,80726,3,47,1192)
r(2,20741,3,47,1193)
r(7,80735,3,47,1194)
r(5,20740,3,47,1195)
r(12,768,3,47,1196)
r(0,80732,3,47,1197)
r(0,80732,3,47,1198)
r(0,80732,3,47,1199)
r(1,80733,3,48,1200)
r(6,769,3,48,1201)
r(15,763,3,48,1202)
r(14,80685,3,48,1203)
r(1,80733,3,48,1204)
r(15,763,3,48,1205)
r(6,769,3,48,1206)
r(1,80733,3,48,1207)
r(0,40670,3,48,1208)
r(0,40670,3,48,1209)
w(6,30714,3,48,1210)
w(12,30715,3,48,1211)
w(1,30716,3,48,1212)
w(0,30717,3,48,1213)
w(13,30718,3,48,1214)
w(13,30719,3,48,1215)
w(0,30720,3,48,1216)
w(4,30721,3,48,1217)
w(8,30722,3,48,1218)
w(0,30723,3,48,1219)
w(6,30724,3,48,1220)
w(0,30725,3,48,1221)
w(4,30726,3,48,1222)
w(1,30727,3,48,1223)
w(0,30728,3,48,1224)
r(8,30722,3,49,1225)
r(0,30728,3,49,1226)
r(1,30727,3,49,1227)
r(0,30728,3,49,1228)
r(13,30719,3,49,1229)
r(7,60656,3,49,1230)
r(1,30727,3,49,1231)
r(8,30722,3,49,1232)
w(9,30729,3,49,1233)
w(18,30730,3,49,1234)
w(18,30731,3,49,1235)
w(3,30732,3,49,1236)
w(0,30733,3,49,1237)
w(9,30734,3,49,1238)
w(16,30735,3,49,1239)
w(2,30736,3,49,1240)
w(19,30737,3,49,1241)
w(3,30738,3,49,1242)
w(18,30739,3,49,1243)
w(2,30740,3,49,1244)
w(7,30741,3,49,1245)
w(7,30742,3,49,1246)
w(0,30743,3,49,1247)
w(0,30744,3,49,1248)
w(9,30745,3,49,1249)
r(0,20857,3,56,1400)
r(0,20857,3,56,1401)
r(1,20860,3,56,1402)
r(0,20857,3,56,1403)
r(14,20846,3,56,1404)
r(7,40735,3,56,1405)
r(11,20847,3,56,1406)
r(0,20857,3,56,1407)
r(6,20865,3,56,1408)
r(1,20860,3,56,1409)
r(1,20860,3,56,1410)
r(1,20860,3,56,1411)
r(15,20851,3,56,1412)
r(4,20866,3,56,1413)
r(1,20860,3,56,1414)
r(5,90787,3,56,1415)
r(0,20857,3,56,1416)
r(3,20861,3,56,1417)
r(0,20857,3,56,1418)
r(1,20860,3,56,1419)
r(12,70743,3,56,1420)
r(4,20866,3,56,1421)
r(1,20860,3,56,1422)
r(1,20860,3,56,1423)
r(0,20857,3,56,1424)
r(0,10817,3,61,1525)
r(1,10816,3,61,1526)
r(0,10817,3,61,1527)
r(3,90928,3,61,1528)
r(3,90928,3,61,1529)
r(12,60786,3,61,1530)
r(0,10817,3,61,1531)
r(4,10813,3,61,1532)
r(4,10813,3,61,1533)
r(6,10812,3,61,1534)
r(1,10816,3,61,1535)
r(3,90928,3,61,1536)
r(7,90929,3,61,1537)
w(18,30899,3,61,1538)
w(11,30900,3,61,1539)
w(0,30901,3,61,1540)
w(13,30902,3,61,1541)
w(0,30903,3,61,1542)
w(2,30904,3,61,1543)
w(5,30905,3,61,1544)
w(10,30906,3,61,1545)
w(0,30907,3,61,1546)
w(1,30908,3,61,1547)
w(8,30909,3,61,1548)
w(10,30910,3,61,1549)
r(2,30904,3,62,1550)
r(6,10812,3,62,1551)
r(0,30907,3,62,1552)
r(1,30908,3,62,1553)
r(2,30904,3,62,1554)
r(0,30907,3,62,1555)
r(1,30908,3,62,1556)
r(4,10828,3,62,1557)
r(18,30899,3,62,1558)
r(0,30907,3,62,1559)
r(0,30907,3,62,1560)
r(2,30904,3,62,1561)
r(3,10831,3,62,1562)
r(3,10831,3,62,1563)
r(0,30907,3,62,1564)
r(4,10828,3,62,1565)
r(0,30907,3,62,1566)
r(5,30905,3,62,1567)
r(0,30907,3,62,1568)
r(1,30908,3,62,1569)
r(13,30902,3,62,1570)
r(15,20951,3,62,1571)
r(6,10812,3,62,1572)
r(0,30907,3,62,1573)
r(14,80883,3,62,1574)
r(5,50806,3,66,1650)
r(0,50798,3,66,1651)
r(2,50816,3,66,1652)
r(2,50816,3,66,1653)
r(0,50798,3,66,1654)
r(0,50798,3,66,1655)
r(6,70835,3,66,1656)
r(0,50798,3,66,1657)
r(7,50805,3,66,1658)
r(5,50806,3,66,1659)
r(1,50822,3,66,1660)
r(4,50819,3,66,1661)
r(4,50819,3,66,1662)
r(1,50822,3,66,1663)
w(0,30947,3,66,1664)
w(1,30948,3,66,1665)
w(13,30949,3,66,1666)
w(3,30950,3,66,1667)
w(4,30951,3,66,1668)
w(0,30952,3,66,1669)
w(12,30953,3,66,1670)
w(0,30954,3,66,1671)
w(8,30955,3,66,1672)
w(0,30956,3,66,1673)
w(0,30957,3,66,1674)
r(1,1026,3,69,1725)
r(1,1026,3,69,1726)
r(4,81015,3,69,1727)
r(0,81019,3,69,1728)
r(19,80997,3,69,1729)
r(4,81015,3,69,1730)
r(7,10891,3,69,1731)
r(0,81019,3,69,1732)
r(17,1031,3,69,1733)
r(17,1031,3,69,1734)
r(16,50813,3,69,1735)
r(1,1026,3,69,1736)
r(0,81019,3,69,1737)
r(0,81019,3,69,1738)
r(18,20995,3,69,1739)
r(2,1030,3,69,1740)
r(1,1026,3,69,1741)
r(11,1019,3,69,1742)
w(6,30984,3,69,1743)
w(11,30985,3,69,1744)
w(3,30986,3,69,1745)
w(6,30987,3,69,1746)
w(13,30988,3,69,1747)
w(3,30989,3,69,1748)
w(2,30990,3,69,1749)
r(6,60983,3,71,1775)
r(18,50901,3,71,1776)
r(0,50905,3,71,1777)
r(11,50894,3,71,1778)
r(1,50906,3,71,1779)
r(0,50905,3,71,1780)
r(10,81039,3,71,1781)
r(0,50905,3,71,1782)
r(0,50905,3,71,1783)
r(8,60963,3,71,1784)
r(1,50906,3,71,1785)
r(7,50895,3,71,1786)
r(10,81039,3,71,1787)
r(1,50906,3,71,1788)
r(3,60951,3,71,1789)
r(3,60951,3,71,1790)
r(9,60962,3,71,1791)
r(7,50895,3,71,1792)
r(1,50906,3,71,1793)
r(3,60951,3,71,1794)
r(1,50906,3,71,1795)
r(2,50900,3,71,1796)
r(1,50906,3,71,1797)
r(0,50905,3,71,1798)
r(3,60951,3,71,1799)
r(2,40957,3,76,1900)
r(0,1136,3,76,1901)
r(0,1136,3,76,1902)
r(10,1134,3,76,1903)
r(19,60975,3,76,1904)
r(1,1135,3,76,1905)
r(14,1089,3,76,1906)
r(15,1126,3,76,1907)
r(0,1136,3,76,1908)
r(13,1125,3,76,1909)
r(5,40940,3,76,1910)
r(12,21081,3,76,1911)
r(11,40949,3,76,1912)
r(0,1136,3,76,1913)
w(12,31051,3,76,1914)
w(4,31052,3,76,1915)
w(0,31053,3,76,1916)
w(0,31054,3,76,1917)
w(0,31055,3,76,1918)
w(7,31056,3,76,1919)
w(13,31057,3,76,1920)
w(1,31058,3,76,1921)
w(2,31059,3,76,1922)
w(7,31060,3,76,1923)
w(0,31061,3,76,1924)
r(0,31061,3,77,1925)
r(0,31061,3,77,1926)
r(17,40955,3,77,1927)
r(12,31051,3,77,1928)
r(5,40940,3,77,1929)
r(7,31060,3,77,1930)
r(7,31060,3,77,1931)
r(17,40955,3,77,1932)
r(0,31061,3,77,1933)
r(5,40940,3,77,1934)
r(14,1089,3,77,1935)
r(0,31061,3,77,1936)
w(16,31062,3,77,1937)
w(6,31063,3,77,1938)
w(2,31064,3,77,1939)
w(5,31065,3,77,1940)
w(7,31066,3,77,1941)
w(3,31067,3,77,1942)
w(16,31068,3,77,1943)
w(4,31069,3,77,1944)
w(11,31070,3,77,1945)
w(3,31071,3,77,1946)
w(0,31072,3,77,1947)
w(0,31073,3,77,1948)
w(1,31074,3,77,1949)
r(6,31063,3,78,1950)
r(0,31073,3,78,1951)
r(0,31073,3,78,1952)
r(0,31073,3,78,1953)
r(2,31064,3,78,1954)
r(1,31074,3,78,1955)
r(3,31071,3,78,1956)
r(11,31070,3,78,1957)
r(2,31064,3,78,1958)
r(0,31073,3,78,1959)
r(4,31069,3,78,1960)
r(0,31073,3,78,1961)
r(9,40945,3,78,1962)
r(0,31073,3,78,1963)
r(0,31073,3,78,1964)
w(0,31075,3,78,1965)
w(3,31076,3,78,1966)
w(15,31077,3,78,1967)
w(2,31078,3,78,1968)
w(3,31079,3,78,1969)
w(3,31080,3,78,1970)
w(1,31081,3,78,1971)
w(4,31082,3,78,1972)
w(9,31083,3,78,1973)
w(13,31084,3,78,1974)
r(17,40955,3,79,1975)
r(4,31082,3,79,1976)
r(3,31080,3,79,1977)
r(0,31075,3,79,1978)
r(0,31075,3,79,1979)
r(9,31083,3,79,1980)
r(3,31080,3,79,1981)
r(0,31075,3,79,1982)
r(0,31075,3,79,1983)
r(6,31063,3,79,1984)
r(7,31066,3,79,1985)
r(2,31078,3,79,1986)
r(4,31082,3,79,1987)
r(0,31075,3,79,1988)
r(2,31078,3,79,1989)
r(0,31075,3,79,1990)
w(1,31085,3,79,1991)
w(7,31086,3,79,1992)
w(1,31087,3,79,1993)
w(14,31088,3,79,1994)
w(5,31089,3,79,1995)
w(3,31090,3,79,1996)
w(4,31091,3,79,1997)
w(0,31092,3,79,1998)
w(1,31093,3,79,1999)
r(0,51095,3,86,2150)
r(3,71061,3,86,2151)
r(1,71064,3,86,2152)
r(1,71064,3,86,2153)
r(0,51095,3,86,2154)
r(0,51095,3,86,2155)
r(10,51092,3,86,2156)
r(2,51085,3,86,2157)
r(10,51092,3,86,2158)
r(0,51095,3,86,2159)
r(5,51088,3,86,2160)
r(3,71061,3,86,2161)
r(17,51093,3,86,2162)
r(0,51095,3,86,2163)
r(5,51088,3,86,2164)
r(5,51088,3,86,2165)
r(2,51085,3,86,2166)
r(1,71064,3,86,2167)
r(17,51093,3,86,2168)
r(5,51088,3,86,2169)
r(1,71064,3,86,2170)
r(4,71060,3,86,2171)
r(0,51095,3,86,2172)
r(0,51095,3,86,2173)
r(3,71061,3,86,2174)
r(10,11090,3,87,2175)
r(4,11095,3,87,2176)
r(9,11098,3,87,2177)
r(7,11101,3,87,2178)
r(0,11099,3,87,2179)
r(6,61179,3,87,2180)
r(11,21198,3,87,2181)
r(1,11100,3,87,2182)
r(1,11100,3,87,2183)
r(10,11090,3,87,2184)
r(1,11100,3,87,2185)
r(3,11096,3,87,2186)
r(2,11088,3,87,2187)
r(14,11068,3,87,2188)
r(1,11100,3,87,2189)
r(2,11088,3,87,2190)
r(5,51088,3,87,2191)
r(0,11099,3,87,2192)
r(6,61179,3,87,2193)
r(14,11068,3,87,2194)
r(4,11095,3,87,2195)
r(0,11099,3,87,2196)
r(19,11097,3,87,2197)
r(0,11099,3,87,2198)
r(0,11099,3,87,2199)
r(0,11099,3,88,2200)
r(1,11100,3,88,2201)
r(0,11099,3,88,2202)
r(0,11099,3,88,2203)
r(0,11099,3,88,2204)
r(1,11100,3,88,2205)
r(17,51093,3,88,2206)
r(0,11099,3,88,2207)
r(18,41099,3,88,2208)
r(4,11095,3,88,2209)
r(0,11099,3,88,2210)
r(0,11099,3,88,2211)
r(14,11068,3,88,2212)
r(3,11096,3,88,2213)
r(0,11099,3,88,2214)
r(6,61179,3,88,2215)
r(12,61190,3,88,2216)
r(17,51093,3,88,2217)
r(1,11100,3,88,2218)
r(0,11099,3,88,2219)
r(9,11098,3,88,2220)
r(14,11068,3,88,2221)
r(2,11088,3,88,2222)
r(9,11098,3,88,2223)
r(6,61179,3,88,2224)
r(8,21287,3,90,2250)
r(0,71133,3,90,2251)
r(11,21198,3,90,2252)
r(4,71138,3,90,2253)
r(4,71138,3,90,2254)
r(1,71139,3,90,2255)
r(0,71133,3,90,2256)
r(1,71139,3,90,2257)
r(4,71138,3,90,2258)
r(18,41099,3,90,2259)
r(5,71129,3,90,2260)
r(0,71133,3,90,2261)
r(2,71132,3,90,2262)
r(2,71132,3,90,2263)
w(14,31201,3,90,2264)
w(0,31202,3,90,2265)
w(6,31203,3,90,2266)
w(7,31204,3,90,2267)
w(0,31205,3,90,2268)
w(6,31206,3,90,2269)
w(1,31207,3,90,2270)
w(3,31208,3,90,2271)
w(13,31209,3,90,2272)
w(9,31210,3,90,2273)
w(0,31211,3,90,2274)
r(6,31206,3,91,2275)
r(1,31207,3,91,2276)
r(1,31207,3,91,2277)
r(3,31208,3,91,2278)
r(2,51140,3,91,2279)
r(15,61192,3,91,2280)
r(0,31211,3,91,2281)
r(10,21290,3,91,2282)
r(1,31207,3,91,2283)
r(0,31211,3,91,2284)
r(19,71137,3,91,2285)
r(2,51140,3,91,2286)
r(3,31208,3,91,2287)
r(4,71138,3,91,2288)
r(6,31206,3,91,2289)
r(11,21198,3,91,2290)
r(6,31206,3,91,2291)
r(1,31207,3,91,2292)
r(4,71138,3,91,2293)
r(5,71129,3,91,2294)
r(0,31211,3,91,2295)
r(0,31211,3,91,2296)
r(1,31207,3,91,2297)
r(4,71138,3,91,2298)
r(3,31208,3,91,2299)
r(4,71172,3,94,2350)
r(0,71175,3,94,2351)
r(6,71176,3,94,2352)
r(3,1323,3,94,2353)
r(2,1327,3,94,2354)
r(2,1327,3,94,2355)
r(0,71175,3,94,2356)
r(12,1314,3,94,2357)
r(1,71173,3,94,2358)
r(12,1314,3,94,2359)
r(5,71170,3,94,2360)
r(14,41183,3,94,2361)
r(0,71175,3,94,2362)
r(18,1304,3,94,2363)
r(1,71173,3,94,2364)
r(0,71175,3,94,2365)
r(4,71172,3,94,2366)
r(0,71175,3,94,2367)
r(3,1323,3,94,2368)
r(19,21308,3,94,2369)
r(1,71173,3,94,2370)
r(4,71172,3,94,2371)
r(3,1323,3,94,2372)
r(1,71173,3,94,2373)
r(7,1311,3,94,2374)
r(1,1350,3,95,2375)
r(2,1348,3,95,2376)
r(4,71172,3,95,2377)
r(2,1348,3,95,2378)
r(7,1347,3,95,2379)
r(0,1349,3,95,2380)
r(0,1349,3,95,2381)
r(0,1349,3,95,2382)
r(3,1338,3,95,2383)
w(0,31254,3,95,2384)
w(17,31255,3,95,2385)
w(0,31256,3,95,2386)
w(5,31257,3,95,2387)
w(0,31258,3,95,2388)
w(13,31259,3,95,2389)
w(1,31260,3,95,2390)
w(1,31261,3,95,2391)
w(0,31262,3,95,2392)
w(7,31263,3,95,2393)
w(7,31264,3,95,2394)
w(1,31265,3,95,2395)
w(7,31266,3,95,2396)
w(1,31267,3,95,2397)
w(0,31268,3,95,2398)
w(2,31269,3,95,2399)
w(8,31296,3,98,2450)
w(10,31297,3,98,2451)
w(1,31298,3,98,2452)
w(1,31299,3,98,2453)
w(3,31300,3,98,2454)
w(0,31301,3,98,2455)
w(13,31302,3,98,2456)
w(2,31303,3,98,2457)
w(2,31304,3,98,2458)
w(0,31305,3,98,2459)
w(5,31306,3,98,2460)
w(1,31307,3,98,2461)
w(0,31308,3,98,2462)
w(1,31309,3,98,2463)
w(4,31310,3,98,2464)
w(1,31311,3,98,2465)
w(18,31312,3,98,2466)
w(14,31313,3,98,2467)
w(5,31314,3,98,2468)
w(3,31315,3,98,2469)
w(0,31316,3,98,2470)
w(2,31317,3,98,2471)
w(0,31318,3,98,2472)
w(0,31319,3,98,2473)
w(0,31320,3,98,2474)
r(0,21509,3,108,2700)
r(3,91585,3,108,2701)
r(0,21509,3,108,2702)
r(19,1556,3,108,2703)
r(1,1552,3,108,2704)
r(1,1552,3,108,2705)
r(17,91543,3,108,2706)
r(3,91585,3,108,2707)
r(3,91585,3,108,2708)
r(1,1552,3,108,2709)
r(0,21509,3,108,2710)
r(4,1541,3,108,2711)
r(0,21509,3,108,2712)
w(12,31463,3,108,2713)
w(11,31464,3,108,2714)
w(8,31465,3,108,2715)
w(3,31466,3,108,2716)
w(6,31467,3,108,2717)
w(8,31468,3,108,2718)
w(9,31469,3,108,2719)
w(0,31470,3,108,2720)
w(0,31471,3,108,2721)
w(0,31472,3,108,2722)
w(9,31473,3,108,2723)
w(14,31474,3,108,2724)
r(0,21548,3,110,2750)
r(15,91596,3,110,2751)
r(0,21548,3,110,2752)
r(2,21540,3,110,2753)
r(1,21549,3,110,2754)
r(0,21548,3,110,2755)
r(1,21549,3,110,2756)
r(0,21548,3,110,2757)
r(3,21545,3,110,2758)
r(1,21549,3,110,2759)
r(1,21549,3,110,2760)
r(2,21540,3,110,2761)
r(0,21548,3,110,2762)
r(16,21536,3,110,2763)
r(0,21548,3,110,2764)
r(14,31474,3,110,2765)
r(6,21544,3,110,2766)
r(0,21548,3,110,2767)
r(14,31474,3,110,2768)
r(1,21549,3,110,2769)
r(1,21549,3,110,2770)
r(0,21548,3,110,2771)
r(0,21548,3,110,2772)
r(0,21548,3,110,2773)
r(0,21548,3,110,2774)
r(0,81582,3,113,2825)
r(0,81582,3,113,2826)
r(1,41531,3,113,2827)
r(1,41531,3,113,2828)
r(0,81582,3,113,2829)
r(0,81582,3,113,2830)
r(2,41529,3,113,2831)
r(0,81582,3,113,2832)
r(19,81580,3,113,2833)
r(1,41531,3,113,2834)
r(0,81582,3,113,2835)
r(0,81582,3,113,2836)
r(3,81584,3,113,2837)
r(0,81582,3,113,2838)
r(1,41531,3,113,2839)
r(6,81583,3,113,2840)
r(11,71434,3,113,2841)
r(0,81582,3,113,2842)
r(0,81582,3,113,2843)
r(0,81582,3,113,2844)
r(5,41530,3,113,2845)
r(0,81582,3,113,2846)
r(8,61542,3,113,2847)
r(4,61565,3,113,2848)
r(3,81584,3,113,2849)
r(0,11404,3,115,2875)
r(0,11404,3,115,2876)
r(1,11405,3,115,2877)
r(6,51477,3,115,2878)
r(7,71503,3,115,2879)
r(2,11407,3,115,2880)
r(2,11407,3,115,2881)
r(4,51471,3,115,2882)
r(12,11410,3,115,2883)
r(0,11404,3,115,2884)
r(0,11404,3,115,2885)
r(8,71489,3,115,2886)
r(0,11404,3,115,2887)
r(4,51471,3,115,2888)
r(4,51471,3,115,2889)
r(0,11404,3,115,2890)
r(1,11405,3,115,2891)
r(11,71510,3,115,2892)
r(1,11405,3,115,2893)
r(3,71505,3,115,2894)
r(18,1536,3,115,2895)
r(13,71433,3,115,2896)
r(5,71497,3,115,2897)
r(8,71489,3,115,2898)
r(6,51477,3,115,2899)
r(1,61636,3,117,2925)
r(2,61637,3,117,2926)
r(2,61637,3,117,2927)
r(14,51472,3,117,2928)
r(11,61629,3,117,2929)
r(14,51472,3,117,2930)
r(11,61629,3,117,2931)
r(0,61635,3,117,2932)
r(1,61636,3,117,2933)
r(3,61633,3,117,2934)
w(3,31556,3,117,2935)
w(2,31557,3,117,2936)
w(6,31558,3,117,2937)
w(0,31559,3,117,2938)
w(1,31560,3,117,2939)
w(5,31561,3,117,2940)
w(10,31562,3,117,2941)
w(19,31563,3,117,2942)
w(0,31564,3,117,2943)
w(6,31565,3,117,2944)
w(9,31566,3,117,2945)
w(18,31567,3,117,2946)
w(0,31568,3,117,2947)
w(18,31569,3,117,2948)
w(15,31570,3,117,2949)
r(5,41632,3,120,3000)
r(0,41635,3,120,3001)
r(13,21687,3,120,3002)
r(12,21686,3,120,3003)
r(0,41635,3,120,3004)
r(0,41635,3,120,3005)
r(0,41635,3,120,3006)
r(6,41630,3,120,3007)
r(1,41637,3,120,3008)
r(2,41638,3,120,3009)
r(11,61629,3,120,3010)
r(0,41635,3,120,3011)
r(17,61634,3,120,3012)
r(2,41638,3,120,3013)
r(10,31562,3,120,3014)
r(0,41635,3,120,3015)
r(4,41636,3,120,3016)
r(0,41635,3,120,3017)
r(11,61629,3,120,3018)
r(7,81629,3,120,3019)
r(2,41638,3,120,3020)
r(0,41635,3,120,3021)
r(1,41637,3,120,3022)
r(0,41635,3,120,3023)
r(6,41630,3,120,3024)
r(1,71647,3,124,3100)
r(7,11498,3,124,3101)
r(0,71645,3,124,3102)
r(0,71645,3,124,3103)
r(18,61731,3,124,3104)
r(2,71650,3,124,3105)
r(0,71645,3,124,3106)
r(0,71645,3,124,3107)
r(0,71645,3,124,3108)
r(0,71645,3,124,3109)
r(5,11507,3,124,3110)
w(2,31669,3,124,3111)
w(1,31670,3,124,3112)
w(18,31671,3,124,3113)
w(3,31672,3,124,3114)
w(0,31673,3,124,3115)
w(0,31674,3,124,3116)
w(0,31675,3,124,3117)
w(0,31676,3,124,3118)
w(10,31677,3,124,3119)
w(0,31678,3,124,3120)
w(0,31679,3,124,3121)
w(8,31680,3,124,3122)
w(3,31681,3,124,3123)
w(7,31682,3,124,3124)
r(18,31671,3,125,3125)
r(2,31669,3,125,3126)
r(3,31681,3,125,3127)
r(0,31679,3,125,3128)
r(17,61704,3,125,3129)
r(0,31679,3,125,3130)
r(1,31670,3,125,3131)
r(3,31681,3,125,3132)
w(1,31683,3,125,3133)
w(4,31684,3,125,3134)
w(19,31685,3,125,3135)
w(1,31686,3,125,3136)
w(1,31687,3,125,3137)
w(0,31688,3,125,3138)
w(1,31689,3,125,3139)
w(15,31690,3,125,3140)
w(8,31691,3,125,3141)
w(2,31692,3,125,3142)
w(1,31693,3,125,3143)
w(3,31694,3,125,3144)
w(3,31695,3,125,3145)
w(4,31696,3,125,3146)
w(3,31697,3,125,3147)
w(0,31698,3,125,3148)
w(6,31699,3,125,3149)
r(7,31682,3,126,3150)
r(0,31698,3,126,3151)
r(0,31698,3,126,3152)
r(0,31698,3,126,3153)
r(7,31682,3,126,3154)
r(14,51599,3,126,3155)
r(1,31693,3,126,3156)
r(10,31677,3,126,3157)
r(6,31699,3,126,3158)
r(1,31693,3,126,3159)
r(3,31697,3,126,3160)
r(3,31697,3,126,3161)
r(1,31693,3,126,3162)
r(0,31698,3,126,3163)
r(12,91755,3,126,3164)
r(14,51599,3,126,3165)
r(9,51612,3,126,3166)
r(12,91755,3,126,3167)
r(1,31693,3,126,3168)
r(1,31693,3,126,3169)
r(1,31693,3,126,3170)
r(2,31692,3,126,3171)
r(1,31693,3,126,3172)
r(0,31698,3,126,3173)
r(1,31693,3,126,3174)
r(0,31698,3,127,3175)
r(4,31696,3,127,3176)
r(5,51611,3,127,3177)
r(14,51599,3,127,3178)
r(1,31693,3,127,3179)
r(2,31692,3,127,3180)
r(1,31693,3,127,3181)
r(5,51611,3,127,3182)
r(0,31698,3,127,3183)
r(1,31693,3,127,3184)
r(17,61704,3,127,3185)
r(8,31691,3,127,3186)
r(7,31682,3,127,3187)
r(9,51612,3,127,3188)
r(7,31682,3,127,3189)
r(4,31696,3,127,3190)
r(4,31696,3,127,3191)
r(12,91755,3,127,3192)
r(14,51599,3,127,3193)
r(0,31698,3,127,3194)
r(0,31698,3,127,3195)
r(2,31692,3,127,3196)
r(8,31691,3,127,3197)
r(1,31693,3,127,3198)
r(2,31692,3,127,3199)
r(0,81760,3,129,3225)
r(15,31690,3,129,3226)
r(3,81759,3,129,3227)
r(7,31682,3,129,3228)
r(1,81761,3,129,3229)
r(0,81760,3,129,3230)
r(10,31677,3,129,3231)
r(2,31692,3,129,3232)
r(0,81760,3,129,3233)
r(2,31692,3,129,3234)
w(6,31725,3,129,3235)
w(13,31726,3,129,3236)
w(11,31727,3,129,3237)
w(3,31728,3,129,3238)
w(10,31729,3,129,3239)
w(1,31730,3,129,3240)
w(9,31731,3,129,3241)
w(2,31732,3,129,3242)
w(1,31733,3,129,3243)
w(5,31734,3,129,3244)
w(0,31735,3,129,3245)
w(1,31736,3,129,3246)
w(14,31737,3,129,3247)
w(1,31738,3,129,3248)
w(4,31739,3,129,3249)
r(7,21844,3,130,3250)
r(14,31737,3,130,3251)
r(1,31738,3,130,3252)
r(0,31735,3,130,3253)
r(0,31735,3,130,3254)
r(0,31735,3,130,3255)
r(0,31735,3,130,3256)
r(0,31735,3,130,3257)
r(7,21844,3,130,3258)
r(1,31738,3,130,3259)
r(0,31735,3,130,3260)
r(0,31735,3,130,3261)
r(5,31734,3,130,3262)
r(10,31729,3,130,3263)
r(14,31737,3,130,3264)
r(2,31732,3,130,3265)
r(11,31727,3,130,3266)
r(1,31738,3,130,3267)
r(8,21837,3,130,3268)
r(6,31725,3,130,3269)
r(17,21831,3,130,3270)
r(5,31734,3,130,3271)
r(4,31739,3,130,3272)
r(0,31735,3,130,3273)
r(3,31728,3,130,3274)
r(1,41862,3,135,3375)
r(1,41862,3,135,3376)
r(4,41859,3,135,3377)
r(18,61834,3,135,3378)
r(10,61836,3,135,3379)
r(0,41861,3,135,3380)
r(3,11604,3,135,3381)
r(5,11615,3,135,3382)
r(14,31737,3,135,3383)
r(8,11638,3,135,3384)
r(0,41861,3,135,3385)
r(19,51693,3,135,3386)
r(6,11629,3,135,3387)
r(2,41858,3,135,3388)
r(4,41859,3,135,3389)
r(1,41862,3,135,3390)
r(0,41861,3,135,3391)
r(0,41861,3,135,3392)
r(0,41861,3,135,3393)
r(1,41862,3,135,3394)
r(1,41862,3,135,3395)
r(15,11634,3,135,3396)
r(0,41861,3,135,3397)
r(7,11596,3,135,3398)
r(7,11596,3,135,3399)
r(0,11670,3,138,3450)
r(12,71751,3,138,3451)
r(0,11670,3,138,3452)
r(17,11667,3,138,3453)
r(0,11670,3,138,3454)
r(2,11673,3,138,3455)
r(13,41860,3,138,3456)
r(1,51747,3,138,3457)
r(9,91936,3,138,3458)
r(0,11670,3,138,3459)
r(0,11670,3,138,3460)
r(4,51739,3,138,3461)
r(5,51748,3,138,3462)
r(3,11669,3,138,3463)
r(15,91947,3,138,3464)
r(11,11600,3,138,3465)
r(0,11670,3,138,3466)
r(10,51743,3,138,3467)
r(0,11670,3,138,3468)
r(1,51747,3,138,3469)
r(8,11671,3,138,3470)
r(0,11670,3,138,3471)
r(12,71751,3,138,3472)
r(9,91936,3,138,3473)
r(2,11673,3,138,3474)
r(2,81903,3,142,3550)
r(0,81916,3,142,3551)
r(0,81916,3,142,3552)
r(2,81903,3,142,3553)
r(0,81916,3,142,3554)
r(0,81916,3,142,3555)
r(1,81906,3,142,3556)
r(9,51797,3,142,3557)
r(3,81915,3,142,3558)
r(11,81905,3,142,3559)
r(13,81911,3,142,3560)
r(3,81915,3,142,3561)
r(0,81916,3,142,3562)
r(5,81910,3,142,3563)
r(10,1912,3,142,3564)
r(0,81916,3,142,3565)
r(0,81916,3,142,3566)
r(0,81916,3,142,3567)
r(0,81916,3,142,3568)
r(1,81906,3,142,3569)
r(6,81909,3,142,3570)
r(0,81916,3,142,3571)
r(3,81915,3,142,3572)
r(7,51784,3,142,3573)
r(3,81915,3,142,3574)
r(7,51784,3,145,3625)
r(0,92043,3,145,3626)
r(9,92033,3,145,3627)
r(0,92043,3,145,3628)
r(0,92043,3,145,3629)
r(17,92042,3,145,3630)
r(1,92038,3,145,3631)
r(0,92043,3,145,3632)
r(2,92045,3,145,3633)
r(3,92035,3,145,3634)
r(6,21996,3,145,3635)
r(3,92035,3,145,3636)
w(0,31873,3,145,3637)
w(0,31874,3,145,3638)
w(13,31875,3,145,3639)
w(0,31876,3,145,3640)
w(0,31877,3,145,3641)
w(7,31878,3,145,3642)
w(0,31879,3,145,3643)
w(5,31880,3,145,3644)
w(1,31881,3,145,3645)
w(3,31882,3,145,3646)
w(0,31883,3,145,3647)
w(5,31884,3,145,3648)
w(11,31885,3,145,3649)
r(1,2037,3,150,3750)
r(1,2037,3,150,3751)
r(0,2035,3,150,3752)
r(7,2039,3,150,3753)
r(4,2021,3,150,3754)
r(0,2035,3,150,3755)
r(14,2034,3,150,3756)
r(6,81984,3,150,3757)
r(0,2035,3,150,3758)
r(3,2033,3,150,3759)
r(10,81991,3,150,3760)
r(15,51881,3,150,3761)
r(2,81986,3,150,3762)
r(0,2035,3,150,3763)
r(6,81984,3,150,3764)
r(0,2035,3,150,3765)
r(1,2037,3,150,3766)
r(1,2037,3,150,3767)
r(3,2033,3,150,3768)
r(1,2037,3,150,3769)
r(13,31875,3,150,3770)
r(7,2039,3,150,3771)
r(2,81986,3,150,3772)
r(11,2025,3,150,3773)
r(6,81984,3,150,3774)
r(5,71952,3,152,3800)
r(0,2057,3,152,3801)
r(1,2058,3,152,3802)
r(2,62037,3,152,3803)
r(13,2063,3,152,3804)
r(2,62037,3,152,3805)
r(0,2057,3,152,3806)
r(0,2057,3,152,3807)
r(1,2058,3,152,3808)
r(10,81991,3,152,3809)
r(12,92111,3,152,3810)
w(3,31950,3,152,3811)
w(0,31951,3,152,3812)
w(1,31952,3,152,3813)
w(4,31953,3,152,3814)
w(18,31954,3,152,3815)
w(16,31955,3,152,3816)
w(0,31956,3,152,3817)
w(4,31957,3,152,3818)
w(2,31958,3,152,3819)
w(4,31959,3,152,3820)
w(17,31960,3,152,3821)
w(5,31961,3,152,3822)
w(0,31962,3,152,3823)
w(0,31963,3,152,3824)
r(2,31958,3,153,3825)
r(1,31952,3,153,3826)
r(1,31952,3,153,3827)
r(6,82026,3,153,3828)
r(11,11847,3,153,3829)
r(2,31958,3,153,3830)
r(12,92111,3,153,3831)
r(0,31963,3,153,3832)
r(11,11847,3,153,3833)
r(5,31961,3,153,3834)
r(3,31950,3,153,3835)
r(18,31954,3,153,3836)
r(3,31950,3,153,3837)
r(1,31952,3,153,3838)
r(16,31955,3,153,3839)
r(0,31963,3,153,3840)
r(0,31963,3,153,3841)
r(4,31959,3,153,3842)
r(2,31958,3,153,3843)
r(12,92111,3,153,3844)
r(10,11840,3,153,3845)
r(6,82026,3,153,3846)
r(5,31961,3,153,3847)
r(5,31961,3,153,3848)
r(0,31963,3,153,3849)
r(1,31952,3,154,3850)
r(0,31963,3,154,3851)
r(13,2063,3,154,3852)
r(2,31958,3,154,3853)
r(2,31958,3,154,3854)
r(3,31950,3,154,3855)
r(1,31952,3,154,3856)
r(0,31963,3,154,3857)
r(2,31958,3,154,3858)
r(0,31963,3,154,3859)
r(10,11840,3,154,3860)
r(4,31959,3,154,3861)
r(0,31963,3,154,3862)
r(7,2059,3,154,3863)
r(11,11847,3,154,3864)
r(3,31950,3,154,3865)
r(17,31960,3,154,3866)
r(0,31963,3,154,3867)
r(0,31963,3,154,3868)
r(2,31958,3,154,3869)
r(1,31952,3,154,3870)
r(1,31952,3,154,3871)
r(1,31952,3,154,3872)
r(0,31963,3,154,3873)
r(9,51879,3,154,3874)
r(2,62076,3,158,3950)
r(0,62081,3,158,3951)
r(7,82035,3,158,3952)
r(0,62081,3,158,3953)
r(4,62082,3,158,3954)
r(0,62081,3,158,3955)
r(2,62076,3,158,3956)
r(1,62080,3,158,3957)
r(0,62081,3,158,3958)
r(7,82035,3,158,3959)
r(2,62076,3,158,3960)
r(2,62076,3,158,3961)
r(0,62081,3,158,3962)
w(16,32011,3,158,3963)
w(12,32012,3,158,3964)
w(0,32013,3,158,3965)
w(7,32014,3,158,3966)
w(6,32015,3,158,3967)
w(6,32016,3,158,3968)
w(12,32017,3,158,3969)
w(6,32018,3,158,3970)
w(12,32019,3,158,3971)
w(5,32020,3,158,3972)
w(10,32021,3,158,3973)
w(1,32022,3,158,3974)
r(3,92202,3,159,3975)
r(5,32020,3,159,3976)
r(0,32013,3,159,3977)
r(0,32013,3,159,3978)
r(0,32013,3,159,3979)
r(0,32013,3,159,3980)
r(1,32022,3,159,3981)
r(0,32013,3,159,3982)
r(0,32013,3,159,3983)
r(0,32013,3,159,3984)
r(6,32018,3,159,3985)
r(0,32013,3,159,3986)
r(3,92202,3,159,3987)
r(5,32020,3,159,3988)
r(2,92215,3,159,3989)
r(3,92202,3,159,3990)
r(2,92215,3,159,3991)
r(0,32013,3,159,3992)
r(0,32013,3,159,3993)
r(19,11839,3,159,3994)
r(0,32013,3,159,3995)
r(0,32013,3,159,3996)
r(3,92202,3,159,3997)
r(6,32018,3,159,3998)
r(19,11839,3,159,3999)
w(0,32164,3,170,4250)
w(1,32165,3,170,4251)
w(0,32166,3,170,4252)
w(0,32167,3,170,4253)
w(0,32168,3,170,4254)
w(4,32169,3,170,4255)
w(0,32170,3,170,4256)
w(1,32171,3,170,4257)
w(15,32172,3,170,4258)
w(0,32173,3,170,4259)
w(2,32174,3,170,4260)
w(1,32175,3,170,4261)
w(0,32176,3,170,4262)
w(4,32177,3,170,4263)
w(3,32178,3,170,4264)
w(3,32179,3,170,4265)
w(0,32180,3,170,4266)
w(1,32181,3,170,4267)
w(1,32182,3,170,4268)
w(1,32183,3,170,4269)
w(6,32184,3,170,4270)
w(4,32185,3,170,4271)
w(1,32186,3,170,4272)
w(7,32187,3,170,4273)
w(2,32188,3,170,4274)
w(0,32189,3,171,4275)
w(8,32190,3,171,4276)
w(0,32191,3,171,4277)
w(16,32192,3,171,4278)
w(2,32193,3,171,4279)
w(0,32194,3,171,4280)
w(17,32195,3,171,4281)
w(10,32196,3,171,4282)
w(0,32197,3,171,4283)
w(16,32198,3,171,4284)
w(8,32199,3,171,4285)
w(0,32200,3,171,4286)
w(3,32201,3,171,4287)
w(6,32202,3,171,4288)
w(1,32203,3,171,4289)
w(7,32204,3,171,4290)
w(6,32205,3,171,4291)
w(19,32206,3,171,4292)
w(1,32207,3,171,4293)
w(8,32208,3,171,4294)
w(0,32209,3,171,4295)
w(3,32210,3,171,4296)
w(0,32211,3,171,4297)
w(0,32212,3,171,4298)
w(17,32213,3,171,4299)
r(1,32207,3,172,4300)
r(3,32210,3,172,4301)
r(0,32212,3,172,4302)
r(7,32204,3,172,4303)
r(4,32185,3,172,4304)
r(9,72137,3,172,4305)
r(7,32204,3,172,4306)
r(0,32212,3,172,4307)
r(0,32212,3,172,4308)
r(3,32210,3,172,4309)
r(1,32207,3,172,4310)
r(5,72141,3,172,4311)
r(0,32212,3,172,4312)
r(9,72137,3,172,4313)
r(1,32207,3,172,4314)
w(0,32214,3,172,4315)
w(4,32215,3,172,4316)
w(0,32216,3,172,4317)
w(4,32217,3,172,4318)
w(1,32218,3,172,4319)
w(0,32219,3,172,4320)
w(3,32220,3,172,4321)
w(0,32221,3,172,4322)
w(3,32222,3,172,4323)
w(0,32223,3,172,4324)
r(0,62289,3,177,4425)
r(10,62277,3,177,4426)
r(0,62289,3,177,4427)
r(0,62289,3,177,4428)
r(1,62275,3,177,4429)
r(0,62289,3,177,4430)
r(4,82341,3,177,4431)
r(4,82341,3,177,4432)
r(2,82342,3,177,4433)
r(0,62289,3,177,4434)
r(0,62289,3,177,4435)
r(11,22402,3,177,4436)
r(1,62275,3,177,4437)
r(0,62289,3,177,4438)
r(10,62277,3,177,4439)
r(1,62275,3,177,4440)
r(10,62277,3,177,4441)
w(0,32264,3,177,4442)
w(6,32265,3,177,4443)
w(0,32266,3,177,4444)
w(0,32267,3,177,4445)
w(2,32268,3,177,4446)
w(0,32269,3,177,4447)
w(16,32270,3,177,4448)
w(0,32271,3,177,4449)
r(0,32271,3,178,4450)
r(5,22387,3,178,4451)
r(1,62275,3,178,4452)
r(0,32271,3,178,4453)
r(6,32265,3,178,4454)
r(3,62287,3,178,4455)
r(0,32271,3,178,4456)
r(10,62277,3,178,4457)
r(1,62275,3,178,4458)
r(11,22402,3,178,4459)
r(1,62275,3,178,4460)
r(1,62275,3,178,4461)
r(0,32271,3,178,4462)
r(1,62275,3,178,4463)
r(1,62275,3,178,4464)
r(3,62287,3,178,4465)
r(0,32271,3,178,4466)
r(8,62280,3,178,4467)
r(1,62275,3,178,4468)
r(0,32271,3,178,4469)
r(0,32271,3,178,4470)
r(0,32271,3,178,4471)
r(1,62275,3,178,4472)
r(13,82344,3,178,4473)
r(1,62275,3,178,4474)
r(0,92465,3,179,4475)
r(0,92465,3,179,4476)
r(6,32265,3,179,4477)
r(0,92465,3,179,4478)
r(0,92465,3,179,4479)
r(11,92463,3,179,4480)
r(17,62283,3,179,4481)
r(3,92468,3,179,4482)
r(1,92460,3,179,4483)
r(11,92463,3,179,4484)
r(0,92465,3,179,4485)
w(0,32272,3,179,4486)
w(1,32273,3,179,4487)
w(5,32274,3,179,4488)
w(1,32275,3,179,4489)
w(0,32276,3,179,4490)
w(2,32277,3,179,4491)
w(1,32278,3,179,4492)
w(4,32279,3,179,4493)
w(1,32280,3,179,4494)
w(0,32281,3,179,4495)
w(0,32282,3,179,4496)
w(0,32283,3,179,4497)
w(1,32284,3,179,4498)
w(18,32285,3,179,4499)
r(7,2410,3,183,4575)
r(0,2412,3,183,4576)
r(0,2412,3,183,4577)
r(2,2411,3,183,4578)
r(5,2398,3,183,4579)
r(12,12152,3,183,4580)
r(7,2410,3,183,4581)
r(14,2413,3,183,4582)
r(1,2386,3,183,4583)
r(19,2408,3,183,4584)
r(7,2410,3,183,4585)
r(0,2412,3,183,4586)
r(3,2407,3,183,4587)
r(12,12152,3,183,4588)
r(17,62283,3,183,4589)
r(2,2411,3,183,4590)
r(7,2410,3,183,4591)
r(2,2411,3,183,4592)
r(5,2398,3,183,4593)
r(0,2412,3,183,4594)
r(11,12148,3,183,4595)
r(1,2386,3,183,4596)
r(2,2411,3,183,4597)
r(7,2410,3,183,4598)
r(12,12152,3,183,4599)
w(7,32358,3,186,4650)
w(3,32359,3,186,4651)
w(0,32360,3,186,4652)
w(4,32361,3,186,4653)
w(7,32362,3,186,4654)
w(4,32363,3,186,4655)
w(6,32364,3,186,4656)
w(18,32365,3,186,4657)
w(8,32366,3,186,4658)
w(3,32367,3,186,4659)
w(15,32368,3,186,4660)
w(6,32369,3,186,4661)
w(2,32370,3,186,4662)
w(1,32371,3,186,4663)
w(1,32372,3,186,4664)
w(0,32373,3,186,4665)
w(9,32374,3,186,4666)
w(10,32375,3,186,4667)
w(9,32376,3,186,4668)
w(4,32377,3,186,4669)
w(15,32378,3,186,4670)
w(2,32379,3,186,4671)
w(2,32380,3,186,4672)
w(3,32381,3,186,4673)
w(0,32382,3,186,4674)
w(0,32434,3,190,4750)
w(8,32435,3,190,4751)
w(5,32436,3,190,4752)
w(19,32437,3,190,4753)
w(0,32438,3,190,4754)
w(11,32439,3,190,4755)
w(3,32440,3,190,4756)
w(8,32441,3,190,4757)
w(1,32442,3,190,4758)
w(16,32443,3,190,4759)
w(12,32444,3,190,4760)
w(8,32445,3,190,4761)
w(7,32446,3,190,4762)
w(1,32447,3,190,4763)
w(0,32448,3,190,4764)
w(1,32449,3,190,4765)
w(16,32450,3,190,4766)
w(1,32451,3,190,4767)
w(11,32452,3,190,4768)
w(17,32453,3,190,4769)
w(0,32454,3,190,4770)
w(1,32455,3,190,4771)
w(3,32456,3,190,4772)
w(2,32457,3,190,4773)
w(5,32458,3,190,4774)
r(4,92619,3,192,4800)
r(2,22636,3,192,4801)
r(4,92619,3,192,4802)
r(0,22632,3,192,4803)
r(0,22632,3,192,4804)
r(0,22632,3,192,4805)
r(2,22636,3,192,4806)
r(0,22632,3,192,4807)
r(19,32437,3,192,4808)
r(0,22632,3,192,4809)
r(4,92619,3,192,4810)
r(12,22638,3,192,4811)
r(7,32446,3,192,4812)
w(0,32472,3,192,4813)
w(4,32473,3,192,4814)
w(18,32474,3,192,4815)
w(4,32475,3,192,4816)
w(19,32476,3,192,4817)
w(9,32477,3,192,4818)
w(0,32478,3,192,4819)
w(1,32479,3,192,4820)
w(8,32480,3,192,4821)
w(1,32481,3,192,4822)
w(17,32482,3,192,4823)
w(5,32483,3,192,4824)
r(7,32446,3,195,4875)
r(11,32452,3,195,4876)
r(5,32483,3,195,4877)
r(12,82538,3,195,4878)
r(0,82558,3,195,4879)
r(17,32482,3,195,4880)
r(14,82557,3,195,4881)
r(1,82560,3,195,4882)
r(2,82555,3,195,4883)
r(5,32483,3,195,4884)
r(14,82557,3,195,4885)
r(3,82546,3,195,4886)
r(0,82558,3,195,4887)
r(2,82555,3,195,4888)
r(11,32452,3,195,4889)
r(8,32480,3,195,4890)
r(9,32477,3,195,4891)
r(1,82560,3,195,4892)
r(0,82558,3,195,4893)
r(0,82558,3,195,4894)
r(0,82558,3,195,4895)
r(2,82555,3,195,4896)
r(0,82558,3,195,4897)
r(7,32446,3,195,4898)
r(17,32482,3,195,4899)
r(1,82560,3,196,4900)
r(0,82558,3,196,4901)
r(0,82558,3,196,4902)
r(0,82558,3,196,4903)
r(0,82558,3,196,4904)
r(0,82558,3,196,4905)
r(5,32483,3,196,4906)
r(2,82555,3,196,4907)
r(0,82558,3,196,4908)
r(17,32482,3,196,4909)
r(0,82558,3,196,4910)
r(0,82558,3,196,4911)
r(3,82546,3,196,4912)
r(0,82558,3,196,4913)
r(11,32452,3,196,4914)
r(4,82559,3,196,4915)
r(4,82559,3,196,4916)
r(7,32446,3,196,4917)
r(2,82555,3,196,4918)
r(3,82546,3,196,4919)
r(14,82557,3,196,4920)
r(12,82538,3,196,4921)
r(0,82558,3,196,4922)
r(10,42572,3,196,4923)
r(0,82558,3,196,4924)
r(2,62546,3,201,5025)
r(7,12417,3,201,5026)
r(0,62543,3,201,5027)
r(4,12426,3,201,5028)
r(9,52517,3,201,5029)
r(18,42691,3,201,5030)
r(6,62544,3,201,5031)
r(6,62544,3,201,5032)
r(14,62540,3,201,5033)
r(0,62543,3,201,5034)
r(4,12426,3,201,5035)
r(19,52512,3,201,5036)
r(13,52513,3,201,5037)
r(1,62541,3,201,5038)
r(2,62546,3,201,5039)
r(0,62543,3,201,5040)
r(0,62543,3,201,5041)
r(10,12425,3,201,5042)
r(0,62543,3,201,5043)
r(6,62544,3,201,5044)
r(0,62543,3,201,5045)
r(0,62543,3,201,5046)
r(7,12417,3,201,5047)
r(0,62543,3,201,5048)
r(16,52444,3,201,5049)
r(7,72590,3,207,5175)
r(1,72594,3,207,5176)
r(5,72596,3,207,5177)
r(0,72592,3,207,5178)
r(0,72592,3,207,5179)
r(3,72587,3,207,5180)
r(3,72587,3,207,5181)
r(12,72581,3,207,5182)
r(1,72594,3,207,5183)
w(0,32684,3,207,5184)
w(9,32685,3,207,5185)
w(9,32686,3,207,5186)
w(1,32687,3,207,5187)
w(9,32688,3,207,5188)
w(4,32689,3,207,5189)
w(0,32690,3,207,5190)
w(3,32691,3,207,5191)
w(0,32692,3,207,5192)
w(2,32693,3,207,5193)
w(1,32694,3,207,5194)
w(16,32695,3,207,5195)
w(2,32696,3,207,5196)
w(9,32697,3,207,5197)
w(4,32698,3,207,5198)
w(8,32699,3,207,5199)
r(1,92912,3,210,5250)
r(11,22827,3,210,5251)
r(9,92910,3,210,5252)
r(3,92913,3,210,5253)
r(16,32695,3,210,5254)
r(0,92907,3,210,5255)
r(4,92902,3,210,5256)
r(0,92907,3,210,5257)
r(0,92907,3,210,5258)
r(3,92913,3,210,5259)
r(6,72584,3,210,5260)
r(9,92910,3,210,5261)
r(0,92907,3,210,5262)
r(0,92907,3,210,5263)
r(6,72584,3,210,5264)
r(11,22827,3,210,5265)
r(7,92901,3,210,5266)
r(17,92908,3,210,5267)
r(1,92912,3,210,5268)
r(11,22827,3,210,5269)
r(0,92907,3,210,5270)
r(3,92913,3,210,5271)
r(9,92910,3,210,5272)
r(5,92900,3,210,5273)
r(0,92907,3,210,5274)
r(1,52732,3,213,5325)
r(7,52744,3,213,5326)
r(1,52732,3,213,5327)
r(0,52743,3,213,5328)
r(1,52732,3,213,5329)
r(13,52742,3,213,5330)
r(4,52745,3,213,5331)
r(0,52743,3,213,5332)
r(5,92900,3,213,5333)
r(7,52744,3,213,5334)
r(1,52732,3,213,5335)
r(17,52730,3,213,5336)
r(1,52732,3,213,5337)
r(3,52734,3,213,5338)
r(11,22864,3,213,5339)
r(12,72581,3,213,5340)
r(0,52743,3,213,5341)
r(6,52738,3,213,5342)
r(5,92900,3,213,5343)
r(1,52732,3,213,5344)
r(1,52732,3,213,5345)
r(3,52734,3,213,5346)
r(5,92900,3,213,5347)
r(0,52743,3,213,5348)
r(3,52734,3,213,5349)
r(10,72654,3,215,5375)
r(1,82774,3,215,5376)
r(7,72662,3,215,5377)
r(0,82772,3,215,5378)
r(0,82772,3,215,5379)
r(15,82770,3,215,5380)
r(1,82774,3,215,5381)
r(6,72655,3,215,5382)
r(0,82772,3,215,5383)
r(2,82776,3,215,5384)
r(0,82772,3,215,5385)
w(0,32787,3,215,5386)
w(0,32788,3,215,5387)
w(12,32789,3,215,5388)
w(0,32790,3,215,5389)
w(2,32791,3,215,5390)
w(1,32792,3,215,5391)
w(0,32793,3,215,5392)
w(1,32794,3,215,5393)
w(7,32795,3,215,5394)
w(0,32796,3,215,5395)
w(0,32797,3,215,5396)
w(3,32798,3,215,5397)
w(1,32799,3,215,5398)
w(3,32800,3,215,5399)
r(8,52741,3,217,5425)
r(9,72661,3,217,5426)
r(6,12609,3,217,5427)
r(3,32800,3,217,5428)
r(10,12621,3,217,5429)
r(6,12609,3,217,5430)
r(8,52741,3,217,5431)
r(1,12628,3,217,5432)
r(6,12609,3,217,5433)
r(0,12608,3,217,5434)
r(3,32800,3,217,5435)
w(6,32815,3,217,5436)
w(0,32816,3,217,5437)
w(7,32817,3,217,5438)
w(7,32818,3,217,5439)
w(19,32819,3,217,5440)
w(3,32820,3,217,5441)
w(5,32821,3,217,5442)
w(1,32822,3,217,5443)
w(12,32823,3,217,5444)
w(4,32824,3,217,5445)
w(3,32825,3,217,5446)
w(15,32826,3,217,5447)
w(6,32827,3,217,5448)
w(2,32828,3,217,5449)
r(3,32825,3,219,5475)
r(1,32822,3,219,5476)
r(0,32816,3,219,5477)
r(6,32827,3,219,5478)
r(0,32816,3,219,5479)
r(5,32821,3,219,5480)
r(0,32816,3,219,5481)
r(0,32816,3,219,5482)
r(7,32818,3,219,5483)
r(10,12621,3,219,5484)
r(0,32816,3,219,5485)
r(0,32816,3,219,5486)
r(0,32816,3,219,5487)
r(10,12621,3,219,5488)
r(13,12624,3,219,5489)
r(2,32828,3,219,5490)
r(2,32828,3,219,5491)
r(4,32824,3,219,5492)
r(4,32824,3,219,5493)
r(18,72699,3,219,5494)
r(1,32822,3,219,5495)
r(1,32822,3,219,5496)
r(7,32818,3,219,5497)
r(13,12624,3,219,5498)
r(3,32825,3,219,5499)
r(3,62736,3,220,5500)
r(0,62740,3,220,5501)
r(7,32818,3,220,5502)
r(5,62741,3,220,5503)
r(8,72701,3,220,5504)
r(3,62736,3,220,5505)
r(0,62740,3,220,5506)
r(3,62736,3,220,5507)
r(2,62745,3,220,5508)
r(0,62740,3,220,5509)
r(1,32822,3,220,5510)
r(1,32822,3,220,5511)
w(12,32844,3,220,5512)
w(0,32845,3,220,5513)
w(4,32846,3,220,5514)
w(0,32847,3,220,5515)
w(14,32848,3,220,5516)
w(8,32849,3,220,5517)
w(14,32850,3,220,5518)
w(0,32851,3,220,5519)
w(18,32852,3,220,5520)
w(0,32853,3,220,5521)
w(11,32854,3,220,5522)
w(2,32855,3,220,5523)
w(0,32856,3,220,5524)
r(10,62743,3,221,5525)
r(18,32852,3,221,5526)
r(5,62741,3,221,5527)
r(3,62736,3,221,5528)
r(4,32846,3,221,5529)
r(2,32855,3,221,5530)
r(3,62736,3,221,5531)
r(0,32856,3,221,5532)
r(8,32849,3,221,5533)
r(2,32855,3,221,5534)
r(4,32846,3,221,5535)
r(12,32844,3,221,5536)
r(16,12615,3,221,5537)
r(0,32856,3,221,5538)
r(0,32856,3,221,5539)
r(2,32855,3,221,5540)
r(0,32856,3,221,5541)
r(0,32856,3,221,5542)
r(1,32822,3,221,5543)
r(2,32855,3,221,5544)
r(11,32854,3,221,5545)
r(1,32822,3,221,5546)
r(3,62736,3,221,5547)
r(8,32849,3,221,5548)
r(0,32856,3,221,5549)
r(14,62782,3,224,5600)
r(3,62791,3,224,5601)
r(11,62794,3,224,5602)
r(16,12615,3,224,5603)
r(17,52730,3,224,5604)
r(11,62794,3,224,5605)
r(1,62803,3,224,5606)
r(6,62795,3,224,5607)
r(15,32826,3,224,5608)
r(0,62807,3,224,5609)
r(18,82851,3,224,5610)
r(4,62792,3,224,5611)
r(6,62795,3,224,5612)
r(2,62806,3,224,5613)
r(0,62807,3,224,5614)
r(0,62807,3,224,5615)
r(3,62791,3,224,5616)
r(10,62743,3,224,5617)
r(0,62807,3,224,5618)
r(0,62807,3,224,5619)
r(0,62807,3,224,5620)
r(8,62776,3,224,5621)
r(1,62803,3,224,5622)
r(14,62782,3,224,5623)
r(0,62807,3,224,5624)
r(3,62791,3,225,5625)
r(5,2832,3,225,5626)
r(0,2843,3,225,5627)
r(6,2841,3,225,5628)
r(1,2837,3,225,5629)
r(3,62791,3,225,5630)
r(0,2843,3,225,5631)
r(0,2843,3,225,5632)
r(2,2836,3,225,5633)
r(16,2838,3,225,5634)
r(16,2838,3,225,5635)
r(0,2843,3,225,5636)
r(1,2837,3,225,5637)
r(0,2843,3,225,5638)
w(12,32896,3,225,5639)
w(17,32897,3,225,5640)
w(17,32898,3,225,5641)
w(2,32899,3,225,5642)
w(5,32900,3,225,5643)
w(0,32901,3,225,5644)
w(17,32902,3,225,5645)
w(0,32903,3,225,5646)
w(1,32904,3,225,5647)
w(0,32905,3,225,5648)
w(19,32906,3,225,5649)
r(6,52865,3,226,5650)
r(0,32905,3,226,5651)
r(8,52864,3,226,5652)
r(0,32905,3,226,5653)
r(2,32899,3,226,5654)
r(8,52864,3,226,5655)
r(0,32905,3,226,5656)
r(0,32905,3,226,5657)
r(0,32905,3,226,5658)
r(5,32900,3,226,5659)
r(4,62792,3,226,5660)
r(11,62794,3,226,5661)
r(2,32899,3,226,5662)
r(2,32899,3,226,5663)
r(1,32904,3,226,5664)
r(10,52862,3,226,5665)
r(18,52852,3,226,5666)
r(0,32905,3,226,5667)
r(6,52865,3,226,5668)
r(1,32904,3,226,5669)
r(0,32905,3,226,5670)
r(3,52867,3,226,5671)
r(15,32826,3,226,5672)
r(3,52867,3,226,5673)
r(0,32905,3,226,5674)
r(0,32905,3,227,5675)
r(3,52867,3,227,5676)
r(3,52867,3,227,5677)
r(0,32905,3,227,5678)
r(4,62792,3,227,5679)
r(3,52867,3,227,5680)
r(15,32826,3,227,5681)
r(0,32905,3,227,5682)
r(5,32900,3,227,5683)
r(6,52865,3,227,5684)
r(0,32905,3,227,5685)
r(2,32899,3,227,5686)
r(1,32904,3,227,5687)
r(6,52865,3,227,5688)
r(0,32905,3,227,5689)
r(8,52864,3,227,5690)
r(1,32904,3,227,5691)
r(0,32905,3,227,5692)
r(0,32905,3,227,5693)
r(3,52867,3,227,5694)
r(13,52858,3,227,5695)
r(0,32905,3,227,5696)
r(5,32900,3,227,5697)
r(4,62792,3,227,5698)
r(1,32904,3,227,5699)
r(2,2918,3,233,5825)
r(1,2917,3,233,5826)
r(11,72823,3,233,5827)
r(9,2915,3,233,5828)
r(0,2916,3,233,5829)
r(1,2917,3,233,5830)
r(0,2916,3,233,5831)
r(0,2916,3,233,5832)
r(0,2916,3,233,5833)
w(0,32964,3,233,5834)
w(3,32965,3,233,5835)
w(3,32966,3,233,5836)
w(0,32967,3,233,5837)
w(16,32968,3,233,5838)
w(6,32969,3,233,5839)
w(9,32970,3,233,5840)
w(10,32971,3,233,5841)
w(0,32972,3,233,5842)
w(0,32973,3,233,5843)
w(1,32974,3,233,5844)
w(0,32975,3,233,5845)
w(6,32976,3,233,5846)
w(0,32977,3,233,5847)
w(12,32978,3,233,5848)
w(19,32979,3,233,5849)
r(7,2940,3,237,5925)
r(5,83009,3,237,5926)
r(1,83010,3,237,5927)
r(2,83014,3,237,5928)
r(1,83010,3,237,5929)
r(1,83010,3,237,5930)
r(1,83010,3,237,5931)
r(7,2940,3,237,5932)
r(4,83015,3,237,5933)
r(1,83010,3,237,5934)
r(2,83014,3,237,5935)
r(3,83013,3,237,5936)
r(2,83014,3,237,5937)
r(15,42959,3,237,5938)
r(19,83016,3,237,5939)
r(1,83010,3,237,5940)
r(0,83012,3,237,5941)
r(6,83008,3,237,5942)
r(3,83013,3,237,5943)
r(2,83014,3,237,5944)
r(2,83014,3,237,5945)
r(10,93150,3,237,5946)
r(0,83012,3,237,5947)
r(4,83015,3,237,5948)
r(15,42959,3,237,5949)
r(1,12798,3,238,5950)
r(1,12798,3,238,5951)
r(4,83015,3,238,5952)
r(10,93150,3,238,5953)
r(0,12803,3,238,5954)
r(12,93131,3,238,5955)
r(17,12800,3,238,5956)
r(1,12798,3,238,5957)
r(12,93131,3,238,5958)
r(0,12803,3,238,5959)
r(0,12803,3,238,5960)
w(9,33019,3,238,5961)
w(8,33020,3,238,5962)
w(6,33021,3,238,5963)
w(4,33022,3,238,5964)
w(16,33023,3,238,5965)
w(0,33024,3,238,5966)
w(6,33025,3,238,5967)
w(1,33026,3,238,5968)
w(1,33027,3,238,5969)
w(0,33028,3,238,5970)
w(4,33029,3,238,5971)
w(16,33030,3,238,5972)
w(3,33031,3,238,5973)
w(1,33032,3,238,5974)
r(0,33028,3,239,5975)
r(0,33028,3,239,5976)
r(8,33020,3,239,5977)
r(4,33029,3,239,5978)
r(4,33029,3,239,5979)
r(10,93150,3,239,5980)
r(2,12802,3,239,5981)
r(0,33028,3,239,5982)
r(5,12804,3,239,5983)
r(17,12800,3,239,5984)
r(1,33032,3,239,5985)
r(1,33032,3,239,5986)
r(6,33025,3,239,5987)
r(5,12804,3,239,5988)
r(1,33032,3,239,5989)
r(0,33028,3,239,5990)
r(5,12804,3,239,5991)
r(5,12804,3,239,5992)
r(1,33032,3,239,5993)
r(9,33019,3,239,5994)
r(1,33032,3,239,5995)
r(1,33032,3,239,5996)
r(0,33028,3,239,5997)
r(0,33028,3,239,5998)
r(3,33031,3,239,5999)
r(3,83032,3,241,6025)
r(5,83029,3,241,6026)
r(1,83028,3,241,6027)
r(14,93151,3,241,6028)
r(6,33025,3,241,6029)
r(2,12802,3,241,6030)
r(0,83035,3,241,6031)
r(0,83035,3,241,6032)
r(17,12800,3,241,6033)
r(0,83035,3,241,6034)
r(5,83029,3,241,6035)
r(5,83029,3,241,6036)
r(1,83028,3,241,6037)
r(17,12800,3,241,6038)
r(2,12802,3,241,6039)
r(3,83032,3,241,6040)
r(11,83031,3,241,6041)
r(10,93150,3,241,6042)
r(3,83032,3,241,6043)
r(7,83030,3,241,6044)
r(17,12800,3,241,6045)
r(0,83035,3,241,6046)
r(9,33019,3,241,6047)
r(2,12802,3,241,6048)
r(1,83028,3,241,6049)
r(7,83030,3,243,6075)
r(0,62982,3,243,6076)
r(3,62981,3,243,6077)
r(0,62982,3,243,6078)
r(0,62982,3,243,6079)
r(12,93131,3,243,6080)
r(14,72932,3,243,6081)
r(0,62982,3,243,6082)
r(0,62982,3,243,6083)
r(2,62979,3,243,6084)
r(6,33025,3,243,6085)
r(1,62977,3,243,6086)
r(0,62982,3,243,6087)
r(1,62977,3,243,6088)
r(3,62981,3,243,6089)
r(9,62980,3,243,6090)
r(1,62977,3,243,6091)
r(7,83030,3,243,6092)
r(1,62977,3,243,6093)
r(1,62977,3,243,6094)
r(5,83029,3,243,6095)
r(1,62977,3,243,6096)
r(0,62982,3,243,6097)
r(1,62977,3,243,6098)
r(18,62859,3,243,6099)
w(14,33070,3,244,6100)
w(0,33071,3,244,6101)
w(11,33072,3,244,6102)
w(11,33073,3,244,6103)
w(2,33074,3,244,6104)
w(0,33075,3,244,6105)
w(0,33076,3,244,6106)
w(0,33077,3,244,6107)
w(1,33078,3,244,6108)
w(0,33079,3,244,6109)
w(8,33080,3,244,6110)
w(0,33081,3,244,6111)
w(13,33082,3,244,6112)
w(1,33083,3,244,6113)
w(4,33084,3,244,6114)
w(4,33085,3,244,6115)
w(5,33086,3,244,6116)
w(3,33087,3,244,6117)
w(19,33088,3,244,6118)
w(1,33089,3,244,6119)
w(1,33090,3,244,6120)
w(1,33091,3,244,6121)
w(6,33092,3,244,6122)
w(2,33093,3,244,6123)
w(0,33094,3,244,6124)
r(3,33087,3,245,6125)
r(17,12800,3,245,6126)
r(5,33086,3,245,6127)
r(1,33091,3,245,6128)
r(1,33091,3,245,6129)
r(3,33087,3,245,6130)
r(7,83030,3,245,6131)
r(3,33087,3,245,6132)
r(0,33094,3,245,6133)
r(0,33094,3,245,6134)
r(8,33080,3,245,6135)
r(4,33085,3,245,6136)
r(4,33085,3,245,6137)
w(0,33095,3,245,6138)
w(0,33096,3,245,6139)
w(0,33097,3,245,6140)
w(3,33098,3,245,6141)
w(5,33099,3,245,6142)
w(0,33100,3,245,6143)
w(7,33101,3,245,6144)
w(4,33102,3,245,6145)
w(10,33103,3,245,6146)
w(0,33104,3,245,6147)
w(3,33105,3,245,6148)
w(13,33106,3,245,6149)
r(13,43198,3,249,6225)
r(1,43194,3,249,6226)
r(0,43195,3,249,6227)
r(2,43189,3,249,6228)
r(9,3066,3,249,6229)
r(3,43190,3,249,6230)
r(8,3076,3,249,6231)
r(13,43198,3,249,6232)
r(1,43194,3,249,6233)
r(1,43194,3,249,6234)
r(9,3066,3,249,6235)
r(6,3061,3,249,6236)
r(5,3078,3,249,6237)
r(0,43195,3,249,6238)
r(0,43195,3,249,6239)
r(11,43196,3,249,6240)
r(2,43189,3,249,6241)
r(14,3068,3,249,6242)
r(13,43198,3,249,6243)
r(4,43193,3,249,6244)
r(7,3072,3,249,6245)
r(6,3061,3,249,6246)
r(4,43193,3,249,6247)
r(0,43195,3,249,6248)
r(3,43190,3,249,6249)
r(9,63114,3,251,6275)
r(0,63113,3,251,6276)
r(1,63108,3,251,6277)
r(1,63108,3,251,6278)
r(10,43197,3,251,6279)
r(6,63112,3,251,6280)
r(16,83038,3,251,6281)
r(2,63109,3,251,6282)
w(0,33155,3,251,6283)
w(0,33156,3,251,6284)
w(3,33157,3,251,6285)
w(0,33158,3,251,6286)
w(0,33159,3,251,6287)
w(0,33160,3,251,6288)
w(7,33161,3,251,6289)
w(0,33162,3,251,6290)
w(1,33163,3,251,6291)
w(3,33164,3,251,6292)
w(1,33165,3,251,6293)
w(5,33166,3,251,6294)
w(8,33167,3,251,6295)
w(4,33168,3,251,6296)
w(12,33169,3,251,6297)
w(0,33170,3,251,6298)
w(0,33171,3,251,6299)
r(2,73054,3,252,6300)
r(10,43197,3,252,6301)
r(1,33165,3,252,6302)
r(3,33164,3,252,6303)
r(3,33164,3,252,6304)
r(4,33168,3,252,6305)
r(2,73054,3,252,6306)
r(0,33171,3,252,6307)
r(2,73054,3,252,6308)
r(6,73055,3,252,6309)
r(1,33165,3,252,6310)
r(0,33171,3,252,6311)
r(3,33164,3,252,6312)
r(14,63102,3,252,6313)
r(16,83038,3,252,6314)
r(7,33161,3,252,6315)
r(9,63114,3,252,6316)
r(19,63072,3,252,6317)
r(0,33171,3,252,6318)
r(0,33171,3,252,6319)
r(3,33164,3,252,6320)
r(1,33165,3,252,6321)
r(5,33166,3,252,6322)
r(1,33165,3,252,6323)
r(7,33161,3,252,6324)
r(0,93299,3,253,6325)
r(1,33165,3,253,6326)
r(9,63114,3,253,6327)
r(19,63072,3,253,6328)
r(2,93298,3,253,6329)
r(14,63102,3,253,6330)
r(17,73046,3,253,6331)
r(0,93299,3,253,6332)
r(0,93299,3,253,6333)
r(0,93299,3,253,6334)
r(14,63102,3,253,6335)
r(6,93290,3,253,6336)
r(14,63102,3,253,6337)
r(1,33165,3,253,6338)
r(0,93299,3,253,6339)
r(0,93299,3,253,6340)
r(3,93300,3,253,6341)
r(15,72933,3,253,6342)
r(0,93299,3,253,6343)
r(4,33168,3,253,6344)
r(2,93298,3,253,6345)
r(1,33165,3,253,6346)
r(3,93300,3,253,6347)
r(15,72933,3,253,6348)
r(5,93301,3,253,6349)
r(7,73062,3,254,6350)
r(9,3110,3,254,6351)
r(9,3110,3,254,6352)
r(3,73069,3,254,6353)
r(0,73072,3,254,6354)
r(15,73068,3,254,6355)
r(0,73072,3,254,6356)
r(1,73065,3,254,6357)
r(1,73065,3,254,6358)
r(0,73072,3,254,6359)
r(1,73065,3,254,6360)
r(0,73072,3,254,6361)
r(3,73069,3,254,6362)
r(1,73065,3,254,6363)
r(10,43197,3,254,6364)
r(0,73072,3,254,6365)
r(0,73072,3,254,6366)
r(0,73072,3,254,6367)
r(2,3108,3,254,6368)
r(2,3108,3,254,6369)
r(2,3108,3,254,6370)
r(13,3106,3,254,6371)
r(3,73069,3,254,6372)
r(7,73062,3,254,6373)
r(9,3110,3,254,6374)
r(1,73065,3,255,6375)
r(1,73065,3,255,6376)
r(12,63129,3,255,6377)
r(3,73069,3,255,6378)
r(7,63133,3,255,6379)
r(1,73065,3,255,6380)
r(7,63133,3,255,6381)
r(0,63143,3,255,6382)
r(0,63143,3,255,6383)
r(1,73065,3,255,6384)
r(0,63143,3,255,6385)
r(5,73058,3,255,6386)
r(0,63143,3,255,6387)
r(1,73065,3,255,6388)
r(0,63143,3,255,6389)
r(11,73053,3,255,6390)
r(16,73064,3,255,6391)
r(1,73065,3,255,6392)
r(5,73058,3,255,6393)
r(0,63143,3,255,6394)
r(3,73069,3,255,6395)
r(0,63143,3,255,6396)
r(1,73065,3,255,6397)
r(9,63130,3,255,6398)
r(2,63141,3,255,6399)
r(6,73092,3,257,6425)
r(1,12976,3,257,6426)
r(0,12977,3,257,6427)
r(1,12976,3,257,6428)
r(11,93321,3,257,6429)
r(8,93295,3,257,6430)
r(19,63148,3,257,6431)
r(10,93323,3,257,6432)
r(4,12975,3,257,6433)
r(0,12977,3,257,6434)
r(2,93324,3,257,6435)
r(0,12977,3,257,6436)
w(0,33186,3,257,6437)
w(14,33187,3,257,6438)
w(0,33188,3,257,6439)
w(0,33189,3,257,6440)
w(0,33190,3,257,6441)
w(0,33191,3,257,6442)
w(4,33192,3,257,6443)
w(6,33193,3,257,6444)
w(0,33194,3,257,6445)
w(0,33195,3,257,6446)
w(2,33196,3,257,6447)
w(9,33197,3,257,6448)
w(3,33198,3,257,6449)
w(0,33199,3,258,6450)
w(0,33200,3,258,6451)
w(15,33201,3,258,6452)
w(0,33202,3,258,6453)
w(19,33203,3,258,6454)
w(8,33204,3,258,6455)
w(6,33205,3,258,6456)
w(17,33206,3,258,6457)
w(12,33207,3,258,6458)
w(5,33208,3,258,6459)
w(2,33209,3,258,6460)
w(3,33210,3,258,6461)
w(3,33211,3,258,6462)
w(0,33212,3,258,6463)
w(5,33213,3,258,6464)
w(1,33214,3,258,6465)
w(3,33215,3,258,6466)
w(2,33216,3,258,6467)
w(0,33217,3,258,6468)
w(0,33218,3,258,6469)
w(4,33219,3,258,6470)
w(2,33220,3,258,6471)
w(7,33221,3,258,6472)
w(4,33222,3,258,6473)
w(13,33223,3,258,6474)
r(0,13036,3,261,6525)
r(2,3196,3,261,6526)
r(3,3194,3,261,6527)
r(0,13036,3,261,6528)
r(2,3196,3,261,6529)
r(0,13036,3,261,6530)
r(3,3194,3,261,6531)
r(0,13036,3,261,6532)
w(0,33259,3,261,6533)
w(1,33260,3,261,6534)
w(2,33261,3,261,6535)
w(1,33262,3,261,6536)
w(1,33263,3,261,6537)
w(17,33264,3,261,6538)
w(3,33265,3,261,6539)
w(19,33266,3,261,6540)
w(0,33267,3,261,6541)
w(7,33268,3,261,6542)
w(8,33269,3,261,6543)
w(0,33270,3,261,6544)
w(0,33271,3,261,6545)
w(3,33272,3,261,6546)
w(0,33273,3,261,6547)
w(1,33274,3,261,6548)
w(1,33275,3,261,6549)
r(2,33261,3,262,6550)
r(1,33275,3,262,6551)
r(4,73176,3,262,6552)
r(1,33275,3,262,6553)
r(2,33261,3,262,6554)
r(0,33273,3,262,6555)
r(7,33268,3,262,6556)
r(12,13037,3,262,6557)
r(17,33264,3,262,6558)
r(4,73176,3,262,6559)
r(3,33272,3,262,6560)
r(5,73165,3,262,6561)
w(11,33276,3,262,6562)
w(4,33277,3,262,6563)
w(0,33278,3,262,6564)
w(0,33279,3,262,6565)
w(0,33280,3,262,6566)
w(0,33281,3,262,6567)
w(2,33282,3,262,6568)
w(7,33283,3,262,6569)
w(1,33284,3,262,6570)
w(0,33285,3,262,6571)
w(8,33286,3,262,6572)
w(4,33287,3,262,6573)
w(2,33288,3,262,6574)
r(9,3212,3,263,6575)
r(0,33285,3,263,6576)
r(0,33285,3,263,6577)
r(3,3220,3,263,6578)
r(2,33288,3,263,6579)
r(5,73165,3,263,6580)
r(4,33287,3,263,6581)
r(1,33284,3,263,6582)
r(0,33285,3,263,6583)
r(0,33285,3,263,6584)
r(7,33283,3,263,6585)
r(3,3220,3,263,6586)
w(0,33289,3,263,6587)
w(1,33290,3,263,6588)
w(1,33291,3,263,6589)
w(3,33292,3,263,6590)
w(7,33293,3,263,6591)
w(1,33294,3,263,6592)
w(2,33295,3,263,6593)
w(1,33296,3,263,6594)
w(0,33297,3,263,6595)
w(1,33298,3,263,6596)
w(13,33299,3,263,6597)
w(12,33300,3,263,6598)
w(1,33301,3,263,6599)
r(3,3248,3,265,6625)
r(5,3242,3,265,6626)
r(3,3248,3,265,6627)
r(1,3240,3,265,6628)
r(1,3240,3,265,6629)
r(0,3243,3,265,6630)
r(2,3247,3,265,6631)
r(1,3240,3,265,6632)
r(10,3244,3,265,6633)
r(15,3249,3,265,6634)
r(0,3243,3,265,6635)
r(1,3240,3,265,6636)
r(0,3243,3,265,6637)
r(2,3247,3,265,6638)
w(0,33318,3,265,6639)
w(0,33319,3,265,6640)
w(0,33320,3,265,6641)
w(0,33321,3,265,6642)
w(15,33322,3,265,6643)
w(0,33323,3,265,6644)
w(0,33324,3,265,6645)
w(14,33325,3,265,6646)
w(12,33326,3,265,6647)
w(9,33327,3,265,6648)
w(19,33328,3,265,6649)
r(0,33324,3,267,6675)
r(0,33324,3,267,6676)
r(0,33324,3,267,6677)
r(6,93382,3,267,6678)
r(1,3298,3,267,6679)
r(0,33324,3,267,6680)
r(2,3290,3,267,6681)
r(2,3290,3,267,6682)
r(0,33324,3,267,6683)
r(4,3285,3,267,6684)
r(1,3298,3,267,6685)
r(16,73188,3,267,6686)
r(2,3290,3,267,6687)
w(9,33344,3,267,6688)
w(5,33345,3,267,6689)
w(1,33346,3,267,6690)
w(1,33347,3,267,6691)
w(0,33348,3,267,6692)
w(0,33349,3,267,6693)
w(12,33350,3,267,6694)
w(0,33351,3,267,6695)
w(4,33352,3,267,6696)
w(0,33353,3,267,6697)
w(3,33354,3,267,6698)
w(5,33355,3,267,6699)
