w(17,90001,9,0,0)
w(0,90002,9,0,1)
w(6,90003,9,0,2)
w(16,90004,9,0,3)
w(9,90005,9,0,4)
w(17,90006,9,0,5)
w(5,90007,9,0,6)
w(19,90008,9,0,7)
w(19,90009,9,0,8)
w(4,90010,9,0,9)
w(0,90011,9,0,10)
w(2,90012,9,0,11)
w(3,90013,9,0,12)
w(8,90014,9,0,13)
w(0,90015,9,0,14)
w(1,90016,9,0,15)
w(1,90017,9,0,16)
w(4,90018,9,0,17)
w(4,90019,9,0,18)
w(12,90020,9,0,19)
w(0,90021,9,0,20)
w(3,90022,9,0,21)
w(0,90023,9,0,22)
w(3,90024,9,0,23)
w(4,90025,9,0,24)
r(1,90017,9,2,50)
r(0,90023,9,2,51)
r(16,90004,9,2,52)
r(16,90004,9,2,53)
r(2,90012,9,2,54)
r(9,90005,9,2,55)
r(0,90023,9,2,56)
r(0,90023,9,2,57)
r(15,0,9,2,58)
r(0,90023,9,2,59)
r(7,30012,9,2,60)
r(5,90007,9,2,61)
r(0,90023,9,2,62)
r(7,30012,9,2,63)
r(4,90025,9,2,64)
r(14,0,9,2,65)
r(4,90025,9,2,66)
r(2,90012,9,2,67)
r(8,90014,9,2,68)
r(4,90025,9,2,69)
r(3,90024,9,2,70)
r(1,90017,9,2,71)
r(11,6,9,2,72)
r(0,90023,9,2,73)
r(1,90017,9,2,74)
r(0,90023,9,3,75)
r(0,90023,9,3,76)
r(0,90023,9,3,77)
r(13,13,9,3,78)
r(0,90023,9,3,79)
r(0,90023,9,3,80)
r(1,90017,9,3,81)
r(1,90017,9,3,82)
r(10,1,9,3,83)
r(3,90024,9,3,84)
r(1,90017,9,3,85)
r(11,6,9,3,86)
r(3,90024,9,3,87)
r(10,1,9,3,88)
r(1,90017,9,3,89)
r(6,90003,9,3,90)
r(11,6,9,3,91)
r(12,90020,9,3,92)
r(1,90017,9,3,93)
r(0,90023,9,3,94)
r(0,90023,9,3,95)
r(0,90023,9,3,96)
r(8,90014,9,3,97)
r(13,13,9,3,98)
r(1,90017,9,3,99)
r(0,20084,9,10,250)
r(0,20084,9,10,251)
r(10,20018,9,10,252)
r(2,10070,9,10,253)
r(3,20090,9,10,254)
r(0,20084,9,10,255)
r(18,80037,9,10,256)
r(1,20094,9,10,257)
r(4,20089,9,10,258)
r(0,20084,9,10,259)
r(4,20089,9,10,260)
r(2,10070,9,10,261)
r(4,20089,9,10,262)
r(0,20084,9,10,263)
r(1,20094,9,10,264)
r(0,20084,9,10,265)
r(5,10053,9,10,266)
r(1,20094,9,10,267)
r(1,20094,9,10,268)
r(17,20039,9,10,269)
r(0,20084,9,10,270)
r(6,20091,9,10,271)
r(0,20084,9,10,272)
r(5,10053,9,10,273)
r(5,10053,9,10,274)
r(3,60207,9,16,400)
r(1,60212,9,16,401)
r(3,60207,9,16,402)
r(3,60207,9,16,403)
r(3,60207,9,16,404)
r(10,60214,9,16,405)
r(0,60217,9,16,406)
r(0,60217,9,16,407)
r(0,60217,9,16,408)
r(8,246,9,16,409)
r(17,60216,9,16,410)
r(11,60215,9,16,411)
r(0,60217,9,16,412)
r(14,40229,9,16,413)
r(6,60211,9,16,414)
r(13,60189,9,16,415)
r(18,70215,9,16,416)
r(12,10190,9,16,417)
r(4,60208,9,16,418)
r(2,60209,9,16,419)
r(13,60189,9,16,420)
r(10,60214,9,16,421)
r(2,60209,9,16,422)
r(7,245,9,16,423)
r(0,60217,9,16,424)
w(12,90232,9,19,475)
w(6,90233,9,19,476)
w(1,90234,9,19,477)
w(0,90235,9,19,478)
w(15,90236,9,19,479)
w(15,90237,9,19,480)
w(8,90238,9,19,481)
w(2,90239,9,19,482)
w(3,90240,9,19,483)
w(5,90241,9,19,484)
w(15,90242,9,19,485)
w(8,90243,9,19,486)
w(1,90244,9,19,487)
w(2,90245,9,19,488)
w(11,90246,9,19,489)
w(4,90247,9,19,490)
w(0,90248,9,19,491)
w(1,90249,9,19,492)
w(7,90250,9,19,493)
w(1,90251,9,19,494)
w(5,90252,9,19,495)
w(0,90253,9,19,496)
w(0,90254,9,19,497)
w(2,90255,9,19,498)
w(0,90256,9,19,499)
r(1,90251,9,20,500)
r(4,90247,9,20,501)
r(0,90256,9,20,502)
r(2,90255,9,20,503)
r(19,70218,9,20,504)
r(3,90240,9,20,505)
r(0,90256,9,20,506)
r(0,90256,9,20,507)
r(2,90255,9,20,508)
r(0,90256,9,20,509)
r(18,70215,9,20,510)
r(4,90247,9,20,511)
r(0,90256,9,20,512)
r(0,90256,9,20,513)
r(2,90255,9,20,514)
r(16,10245,9,20,515)
r(11,90246,9,20,516)
r(1,90251,9,20,517)
r(12,90232,9,20,518)
r(3,90240,9,20,519)
r(8,90243,9,20,520)
r(0,90256,9,20,521)
r(9,20275,9,20,522)
r(0,90256,9,20,523)
r(19,70218,9,20,524)
r(0,90256,9,21,525)
r(0,90256,9,21,526)
r(2,90255,9,21,527)
r(0,90256,9,21,528)
r(3,90240,9,21,529)
r(1,90251,9,21,530)
r(0,90256,9,21,531)
r(2,90255,9,21,532)
r(1,90251,9,21,533)
r(1,90251,9,21,534)
r(7,90250,9,21,535)
r(2,90255,9,21,536)
r(14,20272,9,21,537)
w(0,90257,9,21,538)
w(0,90258,9,21,539)
w(0,90259,9,21,540)
w(9,90260,9,21,541)
w(0,90261,9,21,542)
w(2,90262,9,21,543)
w(0,90263,9,21,544)
w(2,90264,9,21,545)
w(1,90265,9,21,546)
w(11,90266,9,21,547)
w(2,90267,9,21,548)
w(18,90268,9,21,549)
r(16,20281,9,22,550)
r(10,30226,9,22,551)
r(0,90263,9,22,552)
r(0,90263,9,22,553)
r(14,30261,9,22,554)
r(9,90260,9,22,555)
r(7,30266,9,22,556)
r(9,90260,9,22,557)
r(3,30264,9,22,558)
r(14,30261,9,22,559)
r(0,90263,9,22,560)
r(0,90263,9,22,561)
r(1,90265,9,22,562)
r(7,30266,9,22,563)
r(1,90265,9,22,564)
r(11,90266,9,22,565)
r(1,90265,9,22,566)
r(12,30260,9,22,567)
r(0,90263,9,22,568)
r(0,90263,9,22,569)
r(4,90247,9,22,570)
r(10,30226,9,22,571)
r(12,30260,9,22,572)
r(16,20281,9,22,573)
r(13,30258,9,22,574)
r(1,40310,9,23,575)
r(0,90263,9,23,576)
r(10,40318,9,23,577)
r(19,20276,9,23,578)
r(15,90242,9,23,579)
r(4,90247,9,23,580)
r(1,40310,9,23,581)
r(7,40317,9,23,582)
r(5,40315,9,23,583)
r(5,40315,9,23,584)
r(0,90263,9,23,585)
w(8,90269,9,23,586)
w(13,90270,9,23,587)
w(2,90271,9,23,588)
w(0,90272,9,23,589)
w(1,90273,9,23,590)
w(2,90274,9,23,591)
w(0,90275,9,23,592)
w(13,90276,9,23,593)
w(8,90277,9,23,594)
w(5,90278,9,23,595)
w(2,90279,9,23,596)
w(0,90280,9,23,597)
w(6,90281,9,23,598)
w(10,90282,9,23,599)
w(6,90311,9,26,650)
w(2,90312,9,26,651)
w(0,90313,9,26,652)
w(0,90314,9,26,653)
w(14,90315,9,26,654)
w(4,90316,9,26,655)
w(0,90317,9,26,656)
w(4,90318,9,26,657)
w(1,90319,9,26,658)
w(3,90320,9,26,659)
w(6,90321,9,26,660)
w(0,90322,9,26,661)
w(2,90323,9,26,662)
w(19,90324,9,26,663)
w(7,90325,9,26,664)
w(8,90326,9,26,665)
w(0,90327,9,26,666)
w(0,90328,9,26,667)
w(5,90329,9,26,668)
w(0,90330,9,26,669)
w(7,90331,9,26,670)
w(0,90332,9,26,671)
w(0,90333,9,26,672)
w(15,90334,9,26,673)
w(13,90335,9,26,674)
r(11,50312,9,28,700)
r(13,90335,9,28,701)
r(10,50278,9,28,702)
r(1,90319,9,28,703)
r(2,90323,9,28,704)
r(15,90334,9,28,705)
r(6,50310,9,28,706)
r(0,50316,9,28,707)
r(8,90326,9,28,708)
r(3,50304,9,28,709)
r(6,50310,9,28,710)
r(0,50316,9,28,711)
w(4,90351,9,28,712)
w(10,90352,9,28,713)
w(4,90353,9,28,714)
w(2,90354,9,28,715)
w(10,90355,9,28,716)
w(0,90356,9,28,717)
w(0,90357,9,28,718)
w(0,90358,9,28,719)
w(0,90359,9,28,720)
w(1,90360,9,28,721)
w(13,90361,9,28,722)
w(1,90362,9,28,723)
w(1,90363,9,28,724)
r(1,80401,9,32,800)
r(8,467,9,32,801)
r(8,467,9,32,802)
r(2,80405,9,32,803)
r(18,80407,9,32,804)
r(2,80405,9,32,805)
r(0,80406,9,32,806)
r(0,80406,9,32,807)
r(8,467,9,32,808)
r(2,80405,9,32,809)
r(2,80405,9,32,810)
r(1,80401,9,32,811)
w(0,90415,9,32,812)
w(5,90416,9,32,813)
w(7,90417,9,32,814)
w(0,90418,9,32,815)
w(0,90419,9,32,816)
w(17,90420,9,32,817)
w(7,90421,9,32,818)
w(1,90422,9,32,819)
w(2,90423,9,32,820)
w(0,90424,9,32,821)
w(3,90425,9,32,822)
w(0,90426,9,32,823)
w(9,90427,9,32,824)
r(1,10422,9,35,875)
r(0,10421,9,35,876)
r(10,20445,9,35,877)
r(10,20445,9,35,878)
r(3,10424,9,35,879)
r(0,10421,9,35,880)
r(4,10413,9,35,881)
r(3,10424,9,35,882)
r(5,10423,9,35,883)
r(7,20459,9,35,884)
r(2,10417,9,35,885)
r(0,10421,9,35,886)
r(12,10420,9,35,887)
r(0,10421,9,35,888)
r(1,10422,9,35,889)
r(10,20445,9,35,890)
r(3,10424,9,35,891)
r(2,10417,9,35,892)
r(0,10421,9,35,893)
r(2,10417,9,35,894)
r(9,20472,9,35,895)
r(4,10413,9,35,896)
r(13,10383,9,35,897)
r(7,20459,9,35,898)
r(8,20457,9,35,899)
r(19,10414,9,36,900)
r(9,20472,9,36,901)
r(3,10424,9,36,902)
r(1,10422,9,36,903)
r(1,10422,9,36,904)
r(4,10413,9,36,905)
r(0,10421,9,36,906)
r(4,10413,9,36,907)
r(11,10419,9,36,908)
r(0,10421,9,36,909)
w(2,90453,9,36,910)
w(10,90454,9,36,911)
w(0,90455,9,36,912)
w(0,90456,9,36,913)
w(0,90457,9,36,914)
w(0,90458,9,36,915)
w(14,90459,9,36,916)
w(2,90460,9,36,917)
w(5,90461,9,36,918)
w(0,90462,9,36,919)
w(10,90463,9,36,920)
w(8,90464,9,36,921)
w(9,90465,9,36,922)
w(0,90466,9,36,923)
w(8,90467,9,36,924)
r(8,90467,9,39,975)
r(0,70450,9,39,976)
r(5,90461,9,39,977)
r(0,70450,9,39,978)
r(8,90467,9,39,979)
r(2,70448,9,39,980)
r(9,70446,9,39,981)
r(6,60416,9,39,982)
r(2,70448,9,39,983)
r(0,70450,9,39,984)
w(10,90506,9,39,985)
w(2,90507,9,39,986)
w(7,90508,9,39,987)
w(2,90509,9,39,988)
w(4,90510,9,39,989)
w(7,90511,9,39,990)
w(3,90512,9,39,991)
w(0,90513,9,39,992)
w(2,90514,9,39,993)
w(16,90515,9,39,994)
w(1,90516,9,39,995)
w(15,90517,9,39,996)
w(10,90518,9,39,997)
w(9,90519,9,39,998)
w(2,90520,9,39,999)
r(7,90511,9,47,1175)
r(0,60506,9,47,1176)
r(6,60503,9,47,1177)
r(0,60506,9,47,1178)
r(12,60496,9,47,1179)
r(15,70501,9,47,1180)
r(1,60497,9,47,1181)
r(0,60506,9,47,1182)
r(0,60506,9,47,1183)
r(1,60497,9,47,1184)
r(14,40511,9,47,1185)
r(0,60506,9,47,1186)
r(16,60492,9,47,1187)
w(0,90640,9,47,1188)
w(4,90641,9,47,1189)
w(0,90642,9,47,1190)
w(0,90643,9,47,1191)
w(4,90644,9,47,1192)
w(4,90645,9,47,1193)
w(10,90646,9,47,1194)
w(1,90647,9,47,1195)
w(4,90648,9,47,1196)
w(0,90649,9,47,1197)
w(15,90650,9,47,1198)
w(0,90651,9,47,1199)
r(4,40610,9,51,1275)
r(9,60589,9,51,1276)
r(3,20693,9,51,1277)
r(2,40617,9,51,1278)
r(0,40615,9,51,1279)
r(0,40615,9,51,1280)
r(13,40612,9,51,1281)
r(4,40610,9,51,1282)
r(9,60589,9,51,1283)
r(4,40610,9,51,1284)
r(0,40615,9,51,1285)
r(2,40617,9,51,1286)
r(0,40615,9,51,1287)
r(3,20693,9,51,1288)
r(4,40610,9,51,1289)
r(3,20693,9,51,1290)
r(0,40615,9,51,1291)
r(0,40615,9,51,1292)
r(1,40616,9,51,1293)
r(5,60584,9,51,1294)
r(0,40615,9,51,1295)
r(0,40615,9,51,1296)
r(14,10583,9,51,1297)
r(8,80661,9,51,1298)
r(0,40615,9,51,1299)
r(12,80652,9,52,1300)
r(0,40615,9,52,1301)
r(1,40616,9,52,1302)
r(3,20693,9,52,1303)
r(1,40616,9,52,1304)
r(5,60584,9,52,1305)
r(1,40616,9,52,1306)
r(0,40615,9,52,1307)
r(13,40612,9,52,1308)
r(0,40615,9,52,1309)
r(0,40615,9,52,1310)
r(0,40615,9,52,1311)
w(3,90708,9,52,1312)
w(2,90709,9,52,1313)
w(1,90710,9,52,1314)
w(15,90711,9,52,1315)
w(12,90712,9,52,1316)
w(9,90713,9,52,1317)
w(1,90714,9,52,1318)
w(1,90715,9,52,1319)
w(5,90716,9,52,1320)
w(9,90717,9,52,1321)
w(7,90718,9,52,1322)
w(0,90719,9,52,1323)
w(2,90720,9,52,1324)
r(1,10649,9,55,1375)
r(0,10646,9,55,1376)
r(0,10646,9,55,1377)
r(0,10646,9,55,1378)
r(3,80698,9,55,1379)
r(4,10647,9,55,1380)
r(1,10649,9,55,1381)
r(11,70620,9,55,1382)
r(3,80698,9,55,1383)
r(1,10649,9,55,1384)
r(1,10649,9,55,1385)
r(0,10646,9,55,1386)
r(0,10646,9,55,1387)
r(6,10648,9,55,1388)
r(0,10646,9,55,1389)
r(0,10646,9,55,1390)
r(10,40625,9,55,1391)
r(1,10649,9,55,1392)
r(6,10648,9,55,1393)
r(3,80698,9,55,1394)
r(12,60613,9,55,1395)
r(1,10649,9,55,1396)
r(3,80698,9,55,1397)
r(1,10649,9,55,1398)
r(2,10643,9,55,1399)
r(1,10649,9,56,1400)
r(0,10646,9,56,1401)
r(3,80698,9,56,1402)
r(0,10646,9,56,1403)
r(16,60607,9,56,1404)
r(3,80698,9,56,1405)
r(0,10646,9,56,1406)
r(0,10646,9,56,1407)
r(12,60613,9,56,1408)
r(0,10646,9,56,1409)
r(5,40623,9,56,1410)
r(3,80698,9,56,1411)
r(0,10646,9,56,1412)
r(12,60613,9,56,1413)
r(1,10649,9,56,1414)
r(12,60613,9,56,1415)
r(12,60613,9,56,1416)
r(0,10646,9,56,1417)
r(0,10646,9,56,1418)
r(4,10647,9,56,1419)
r(12,60613,9,56,1420)
r(0,10646,9,56,1421)
r(3,80698,9,56,1422)
r(15,90711,9,56,1423)
r(17,50560,9,56,1424)
r(0,20743,9,58,1450)
r(8,80661,9,58,1451)
r(3,80698,9,58,1452)
r(16,760,9,58,1453)
r(4,10647,9,58,1454)
r(1,20744,9,58,1455)
r(0,20743,9,58,1456)
r(1,20744,9,58,1457)
r(1,20744,9,58,1458)
r(12,768,9,58,1459)
r(6,769,9,58,1460)
r(7,770,9,58,1461)
r(1,20744,9,58,1462)
r(16,760,9,58,1463)
r(0,20743,9,58,1464)
r(0,20743,9,58,1465)
r(13,10644,9,58,1466)
r(0,20743,9,58,1467)
r(17,50560,9,58,1468)
r(1,20744,9,58,1469)
r(9,757,9,58,1470)
r(10,40625,9,58,1471)
r(1,20744,9,58,1472)
r(1,20744,9,58,1473)
r(3,80698,9,58,1474)
r(19,30737,9,60,1500)
r(1,50655,9,60,1501)
r(2,50661,9,60,1502)
r(0,50660,9,60,1503)
r(0,50660,9,60,1504)
r(0,50660,9,60,1505)
r(2,50661,9,60,1506)
r(10,50657,9,60,1507)
r(9,30745,9,60,1508)
r(7,50658,9,60,1509)
r(0,50660,9,60,1510)
r(19,30737,9,60,1511)
r(13,30719,9,60,1512)
r(18,30739,9,60,1513)
r(4,50649,9,60,1514)
w(11,90783,9,60,1515)
w(0,90784,9,60,1516)
w(3,90785,9,60,1517)
w(1,90786,9,60,1518)
w(5,90787,9,60,1519)
w(7,90788,9,60,1520)
w(19,90789,9,60,1521)
w(0,90790,9,60,1522)
w(6,90791,9,60,1523)
w(2,90792,9,60,1524)
r(1,80803,9,62,1550)
r(0,80806,9,62,1551)
r(13,80798,9,62,1552)
r(3,80801,9,62,1553)
r(14,80800,9,62,1554)
r(5,90787,9,62,1555)
r(4,80782,9,62,1556)
r(2,80797,9,62,1557)
r(0,80806,9,62,1558)
r(1,80803,9,62,1559)
r(17,80779,9,62,1560)
r(1,80803,9,62,1561)
r(0,80806,9,62,1562)
r(0,80806,9,62,1563)
r(0,80806,9,62,1564)
r(3,80801,9,62,1565)
r(0,80806,9,62,1566)
r(6,80791,9,62,1567)
r(5,90787,9,62,1568)
r(19,90789,9,62,1569)
r(1,80803,9,62,1570)
r(19,90789,9,62,1571)
r(0,80806,9,62,1572)
r(2,80797,9,62,1573)
r(2,80797,9,62,1574)
r(0,40736,9,65,1625)
r(0,40736,9,65,1626)
r(0,40736,9,65,1627)
r(0,40736,9,65,1628)
r(9,70739,9,65,1629)
r(7,40735,9,65,1630)
r(1,80803,9,65,1631)
r(7,40735,9,65,1632)
r(0,40736,9,65,1633)
r(1,80803,9,65,1634)
r(10,40725,9,65,1635)
r(16,40734,9,65,1636)
r(12,70743,9,65,1637)
r(2,40728,9,65,1638)
r(0,40736,9,65,1639)
r(0,40736,9,65,1640)
r(1,80803,9,65,1641)
r(5,90787,9,65,1642)
r(2,40728,9,65,1643)
r(14,70737,9,65,1644)
r(1,80803,9,65,1645)
r(0,40736,9,65,1646)
r(1,80803,9,65,1647)
r(16,40734,9,65,1648)
r(2,40728,9,65,1649)
r(15,80877,9,69,1725)
r(1,60797,9,69,1726)
r(0,60791,9,69,1727)
r(5,910,9,69,1728)
r(0,60791,9,69,1729)
r(7,906,9,69,1730)
r(15,80877,9,69,1731)
r(17,60785,9,69,1732)
r(5,910,9,69,1733)
r(0,60791,9,69,1734)
r(14,80883,9,69,1735)
r(16,80886,9,69,1736)
r(0,60791,9,69,1737)
r(3,60782,9,69,1738)
w(10,90895,9,69,1739)
w(0,90896,9,69,1740)
w(2,90897,9,69,1741)
w(17,90898,9,69,1742)
w(9,90899,9,69,1743)
w(7,90900,9,69,1744)
w(9,90901,9,69,1745)
w(7,90902,9,69,1746)
w(0,90903,9,69,1747)
w(7,90904,9,69,1748)
w(0,90905,9,69,1749)
r(1,60797,9,71,1775)
r(7,90904,9,71,1776)
r(0,80934,9,71,1777)
r(5,910,9,71,1778)
r(0,80934,9,71,1779)
r(1,60797,9,71,1780)
r(0,80934,9,71,1781)
r(0,80934,9,71,1782)
r(8,80925,9,71,1783)
r(4,60796,9,71,1784)
r(0,80934,9,71,1785)
r(15,80932,9,71,1786)
w(0,90919,9,71,1787)
w(5,90920,9,71,1788)
w(9,90921,9,71,1789)
w(0,90922,9,71,1790)
w(0,90923,9,71,1791)
w(17,90924,9,71,1792)
w(8,90925,9,71,1793)
w(2,90926,9,71,1794)
w(0,90927,9,71,1795)
w(3,90928,9,71,1796)
w(7,90929,9,71,1797)
w(6,90930,9,71,1798)
w(13,90931,9,71,1799)
r(2,50816,9,74,1850)
r(0,50798,9,74,1851)
r(0,50798,9,74,1852)
r(2,50816,9,74,1853)
r(0,50798,9,74,1854)
r(2,50816,9,74,1855)
r(3,50815,9,74,1856)
r(0,50798,9,74,1857)
r(2,50816,9,74,1858)
r(4,50819,9,74,1859)
r(5,50806,9,74,1860)
r(6,70835,9,74,1861)
r(12,50803,9,74,1862)
r(14,20981,9,74,1863)
r(1,50822,9,74,1864)
r(0,50798,9,74,1865)
r(3,50815,9,74,1866)
r(0,50798,9,74,1867)
r(0,50798,9,74,1868)
r(10,50811,9,74,1869)
r(3,50815,9,74,1870)
r(2,50816,9,74,1871)
r(5,50806,9,74,1872)
r(4,50819,9,74,1873)
r(7,50805,9,74,1874)
r(1,50822,9,75,1875)
r(0,50798,9,75,1876)
r(3,50815,9,75,1877)
r(16,50813,9,75,1878)
r(6,70835,9,75,1879)
r(1,50822,9,75,1880)
r(0,50798,9,75,1881)
r(5,50806,9,75,1882)
r(4,50819,9,75,1883)
r(0,50798,9,75,1884)
r(2,50816,9,75,1885)
r(1,50822,9,75,1886)
r(3,50815,9,75,1887)
r(0,50798,9,75,1888)
r(0,50798,9,75,1889)
r(16,50813,9,75,1890)
r(0,50798,9,75,1891)
r(5,50806,9,75,1892)
r(15,50818,9,75,1893)
r(12,50803,9,75,1894)
r(7,50805,9,75,1895)
r(3,50815,9,75,1896)
r(2,50816,9,75,1897)
r(4,50819,9,75,1898)
r(0,50798,9,75,1899)
r(0,80990,9,77,1925)
r(12,50803,9,77,1926)
r(8,20998,9,77,1927)
r(3,50815,9,77,1928)
r(2,80988,9,77,1929)
r(0,80990,9,77,1930)
r(0,80990,9,77,1931)
r(0,80990,9,77,1932)
r(1,50822,9,77,1933)
r(0,80990,9,77,1934)
r(2,80988,9,77,1935)
r(0,80990,9,77,1936)
w(2,90981,9,77,1937)
w(0,90982,9,77,1938)
w(5,90983,9,77,1939)
w(0,90984,9,77,1940)
w(9,90985,9,77,1941)
w(1,90986,9,77,1942)
w(17,90987,9,77,1943)
w(0,90988,9,77,1944)
w(0,90989,9,77,1945)
w(11,90990,9,77,1946)
w(0,90991,9,77,1947)
w(3,90992,9,77,1948)
w(0,90993,9,77,1949)
w(13,91212,9,91,2275)
w(3,91213,9,91,2276)
w(3,91214,9,91,2277)
w(15,91215,9,91,2278)
w(0,91216,9,91,2279)
w(0,91217,9,91,2280)
w(3,91218,9,91,2281)
w(7,91219,9,91,2282)
w(0,91220,9,91,2283)
w(3,91221,9,91,2284)
w(12,91222,9,91,2285)
w(9,91223,9,91,2286)
w(1,91224,9,91,2287)
w(3,91225,9,91,2288)
w(1,91226,9,91,2289)
w(1,91227,9,91,2290)
w(7,91228,9,91,2291)
w(4,91229,9,91,2292)
w(5,91230,9,91,2293)
w(8,91231,9,91,2294)
w(0,91232,9,91,2295)
w(0,91233,9,91,2296)
w(8,91234,9,91,2297)
w(1,91235,9,91,2298)
w(2,91236,9,91,2299)
r(0,51095,9,94,2350)
r(2,51085,9,94,2351)
r(8,71056,9,94,2352)
r(4,71060,9,94,2353)
r(18,41099,9,94,2354)
r(1,71064,9,94,2355)
r(0,51095,9,94,2356)
r(16,71065,9,94,2357)
r(3,71061,9,94,2358)
r(18,41099,9,94,2359)
r(3,71061,9,94,2360)
r(0,51095,9,94,2361)
r(0,51095,9,94,2362)
r(2,51085,9,94,2363)
r(0,51095,9,94,2364)
r(1,71064,9,94,2365)
r(17,51093,9,94,2366)
r(17,51093,9,94,2367)
r(6,61179,9,94,2368)
r(13,41098,9,94,2369)
r(3,71061,9,94,2370)
r(0,51095,9,94,2371)
r(3,71061,9,94,2372)
r(16,71065,9,94,2373)
r(0,51095,9,94,2374)
w(0,91392,9,101,2525)
w(4,91393,9,101,2526)
w(0,91394,9,101,2527)
w(7,91395,9,101,2528)
w(0,91396,9,101,2529)
w(12,91397,9,101,2530)
w(1,91398,9,101,2531)
w(17,91399,9,101,2532)
w(0,91400,9,101,2533)
w(1,91401,9,101,2534)
w(2,91402,9,101,2535)
w(17,91403,9,101,2536)
w(0,91404,9,101,2537)
w(1,91405,9,101,2538)
w(15,91406,9,101,2539)
w(10,91407,9,101,2540)
w(8,91408,9,101,2541)
w(4,91409,9,101,2542)
w(13,91410,9,101,2543)
w(4,91411,9,101,2544)
w(16,91412,9,101,2545)
w(3,91413,9,101,2546)
w(1,91414,9,101,2547)
w(5,91415,9,101,2548)
w(0,91416,9,101,2549)
r(9,1303,9,102,2550)
r(11,21198,9,102,2551)
r(3,91413,9,102,2552)
r(7,91395,9,102,2553)
r(6,71176,9,102,2554)
r(3,91413,9,102,2555)
r(11,21198,9,102,2556)
r(1,91414,9,102,2557)
r(0,91416,9,102,2558)
r(12,91397,9,102,2559)
r(10,91407,9,102,2560)
r(0,91416,9,102,2561)
r(1,91414,9,102,2562)
r(10,91407,9,102,2563)
r(0,91416,9,102,2564)
r(0,91416,9,102,2565)
r(19,21308,9,102,2566)
r(12,91397,9,102,2567)
r(0,91416,9,102,2568)
r(19,21308,9,102,2569)
r(2,91402,9,102,2570)
r(19,21308,9,102,2571)
r(3,91413,9,102,2572)
r(0,91416,9,102,2573)
r(0,91416,9,102,2574)
r(1,91414,9,103,2575)
r(3,91413,9,103,2576)
r(0,91416,9,103,2577)
r(2,91402,9,103,2578)
r(0,91416,9,103,2579)
r(2,91402,9,103,2580)
r(0,91416,9,103,2581)
r(0,91416,9,103,2582)
r(6,71176,9,103,2583)
r(8,91408,9,103,2584)
r(0,91416,9,103,2585)
r(0,91416,9,103,2586)
r(1,91414,9,103,2587)
r(7,91395,9,103,2588)
r(9,1303,9,103,2589)
r(7,91395,9,103,2590)
r(0,91416,9,103,2591)
r(1,91414,9,103,2592)
r(9,1303,9,103,2593)
r(7,91395,9,103,2594)
r(0,91416,9,103,2595)
r(3,91413,9,103,2596)
r(3,91413,9,103,2597)
r(4,91411,9,103,2598)
r(8,91408,9,103,2599)
r(0,41266,9,106,2650)
r(8,51194,9,106,2651)
r(2,1380,9,106,2652)
r(2,1380,9,106,2653)
r(12,1383,9,106,2654)
r(16,1381,9,106,2655)
r(3,51209,9,106,2656)
r(0,41266,9,106,2657)
r(12,1383,9,106,2658)
r(3,51209,9,106,2659)
r(5,41256,9,106,2660)
r(3,51209,9,106,2661)
r(2,1380,9,106,2662)
r(8,51194,9,106,2663)
r(4,51211,9,106,2664)
r(13,91410,9,106,2665)
r(8,51194,9,106,2666)
w(16,91437,9,106,2667)
w(0,91438,9,106,2668)
w(0,91439,9,106,2669)
w(8,91440,9,106,2670)
w(4,91441,9,106,2671)
w(5,91442,9,106,2672)
w(18,91443,9,106,2673)
w(0,91444,9,106,2674)
r(13,31302,9,108,2700)
r(9,41259,9,108,2701)
r(4,91441,9,108,2702)
r(0,91444,9,108,2703)
r(1,31311,9,108,2704)
r(0,91444,9,108,2705)
r(16,91437,9,108,2706)
r(2,31317,9,108,2707)
r(4,91441,9,108,2708)
r(5,91442,9,108,2709)
r(0,91444,9,108,2710)
r(2,31317,9,108,2711)
r(2,31317,9,108,2712)
r(19,41257,9,108,2713)
r(1,31311,9,108,2714)
r(0,91444,9,108,2715)
r(2,31317,9,108,2716)
r(0,91444,9,108,2717)
r(2,31317,9,108,2718)
r(15,51184,9,108,2719)
r(7,41263,9,108,2720)
r(0,91444,9,108,2721)
r(0,91444,9,108,2722)
r(0,91444,9,108,2723)
r(14,31313,9,108,2724)
r(3,1425,9,110,2750)
r(1,41336,9,110,2751)
r(5,91442,9,110,2752)
r(5,91442,9,110,2753)
r(13,41340,9,110,2754)
r(0,41341,9,110,2755)
r(0,41341,9,110,2756)
r(1,41336,9,110,2757)
r(1,41336,9,110,2758)
r(4,1434,9,110,2759)
r(7,41263,9,110,2760)
r(0,41341,9,110,2761)
r(9,51284,9,110,2762)
r(0,41341,9,110,2763)
r(13,41340,9,110,2764)
r(12,41326,9,110,2765)
r(13,41340,9,110,2766)
r(10,51278,9,110,2767)
r(14,31313,9,110,2768)
r(3,1425,9,110,2769)
r(1,41336,9,110,2770)
r(1,41336,9,110,2771)
r(1,41336,9,110,2772)
r(2,41338,9,110,2773)
r(11,41332,9,110,2774)
r(0,41356,9,111,2775)
r(12,41326,9,111,2776)
r(12,41326,9,111,2777)
r(3,41355,9,111,2778)
r(0,41356,9,111,2779)
r(9,51284,9,111,2780)
r(1,41347,9,111,2781)
r(0,41356,9,111,2782)
r(10,51278,9,111,2783)
r(4,41344,9,111,2784)
r(5,91442,9,111,2785)
r(2,41338,9,111,2786)
r(1,41347,9,111,2787)
r(11,41332,9,111,2788)
r(9,51284,9,111,2789)
r(0,41356,9,111,2790)
r(4,41344,9,111,2791)
r(0,41356,9,111,2792)
r(0,41356,9,111,2793)
r(0,41356,9,111,2794)
r(0,41356,9,111,2795)
r(4,41344,9,111,2796)
r(1,41347,9,111,2797)
r(4,41344,9,111,2798)
r(3,41355,9,111,2799)
r(2,61494,9,115,2875)
r(0,61493,9,115,2876)
r(1,71340,9,115,2877)
r(2,61494,9,115,2878)
r(2,61494,9,115,2879)
r(9,61496,9,115,2880)
r(0,61493,9,115,2881)
r(1,71340,9,115,2882)
r(0,61493,9,115,2883)
r(1,71340,9,115,2884)
r(0,61493,9,115,2885)
r(5,61497,9,115,2886)
r(0,61493,9,115,2887)
w(18,91538,9,115,2888)
w(16,91539,9,115,2889)
w(19,91540,9,115,2890)
w(1,91541,9,115,2891)
w(8,91542,9,115,2892)
w(17,91543,9,115,2893)
w(0,91544,9,115,2894)
w(2,91545,9,115,2895)
w(7,91546,9,115,2896)
w(10,91547,9,115,2897)
w(0,91548,9,115,2898)
w(0,91549,9,115,2899)
w(4,91550,9,116,2900)
w(10,91551,9,116,2901)
w(4,91552,9,116,2902)
w(8,91553,9,116,2903)
w(13,91554,9,116,2904)
w(7,91555,9,116,2905)
w(0,91556,9,116,2906)
w(3,91557,9,116,2907)
w(10,91558,9,116,2908)
w(0,91559,9,116,2909)
w(5,91560,9,116,2910)
w(4,91561,9,116,2911)
w(5,91562,9,116,2912)
w(16,91563,9,116,2913)
w(18,91564,9,116,2914)
w(0,91565,9,116,2915)
w(4,91566,9,116,2916)
w(12,91567,9,116,2917)
w(0,91568,9,116,2918)
w(13,91569,9,116,2919)
w(0,91570,9,116,2920)
w(12,91571,9,116,2921)
w(0,91572,9,116,2922)
w(5,91573,9,116,2923)
w(4,91574,9,116,2924)
r(7,91555,9,117,2925)
r(0,91572,9,117,2926)
r(0,91572,9,117,2927)
r(0,91572,9,117,2928)
r(9,61500,9,117,2929)
r(0,91572,9,117,2930)
r(6,61501,9,117,2931)
r(0,91572,9,117,2932)
r(2,81512,9,117,2933)
r(0,91572,9,117,2934)
r(0,91572,9,117,2935)
r(4,91574,9,117,2936)
r(2,81512,9,117,2937)
w(0,91575,9,117,2938)
w(6,91576,9,117,2939)
w(6,91577,9,117,2940)
w(8,91578,9,117,2941)
w(9,91579,9,117,2942)
w(0,91580,9,117,2943)
w(10,91581,9,117,2944)
w(0,91582,9,117,2945)
w(0,91583,9,117,2946)
w(12,91584,9,117,2947)
w(3,91585,9,117,2948)
w(7,91586,9,117,2949)
r(18,1536,9,118,2950)
r(0,91583,9,118,2951)
r(13,91569,9,118,2952)
r(1,1552,9,118,2953)
r(5,1557,9,118,2954)
r(10,91581,9,118,2955)
r(2,81512,9,118,2956)
r(1,1552,9,118,2957)
r(0,91583,9,118,2958)
r(10,91581,9,118,2959)
r(0,91583,9,118,2960)
r(19,1556,9,118,2961)
r(1,1552,9,118,2962)
r(13,91569,9,118,2963)
r(7,91586,9,118,2964)
w(1,91587,9,118,2965)
w(5,91588,9,118,2966)
w(2,91589,9,118,2967)
w(0,91590,9,118,2968)
w(15,91591,9,118,2969)
w(2,91592,9,118,2970)
w(0,91593,9,118,2971)
w(0,91594,9,118,2972)
w(1,91595,9,118,2973)
w(15,91596,9,118,2974)
r(14,1550,9,119,2975)
r(1,91595,9,119,2976)
r(3,91585,9,119,2977)
r(2,91592,9,119,2978)
r(18,1536,9,119,2979)
r(3,91585,9,119,2980)
r(19,1556,9,119,2981)
r(1,91595,9,119,2982)
r(12,91584,9,119,2983)
r(1,91595,9,119,2984)
r(0,91594,9,119,2985)
r(1,91595,9,119,2986)
r(10,91581,9,119,2987)
r(1,91595,9,119,2988)
r(0,91594,9,119,2989)
r(3,91585,9,119,2990)
r(0,91594,9,119,2991)
r(4,1541,9,119,2992)
r(11,61492,9,119,2993)
r(5,91588,9,119,2994)
r(8,91578,9,119,2995)
r(2,91592,9,119,2996)
r(1,91595,9,119,2997)
r(2,91592,9,119,2998)
r(0,91594,9,119,2999)
r(3,21711,9,131,3275)
r(11,21733,9,131,3276)
r(11,21733,9,131,3277)
r(3,21711,9,131,3278)
r(0,21738,9,131,3279)
r(0,21738,9,131,3280)
r(8,21713,9,131,3281)
r(3,21711,9,131,3282)
r(0,21738,9,131,3283)
r(4,21740,9,131,3284)
r(6,21720,9,131,3285)
r(13,21727,9,131,3286)
r(9,21683,9,131,3287)
r(19,31563,9,131,3288)
w(19,91752,9,131,3289)
w(0,91753,9,131,3290)
w(0,91754,9,131,3291)
w(12,91755,9,131,3292)
w(0,91756,9,131,3293)
w(0,91757,9,131,3294)
w(2,91758,9,131,3295)
w(0,91759,9,131,3296)
w(11,91760,9,131,3297)
w(2,91761,9,131,3298)
w(2,91762,9,131,3299)
r(0,31735,9,139,3475)
r(7,21844,9,139,3476)
r(0,31735,9,139,3477)
r(0,31735,9,139,3478)
r(14,31737,9,139,3479)
r(0,31735,9,139,3480)
r(4,31739,9,139,3481)
r(14,31737,9,139,3482)
r(0,31735,9,139,3483)
r(17,21831,9,139,3484)
r(1,31738,9,139,3485)
r(4,31739,9,139,3486)
r(2,31732,9,139,3487)
r(0,31735,9,139,3488)
r(0,31735,9,139,3489)
r(3,31728,9,139,3490)
r(6,31725,9,139,3491)
r(16,21838,9,139,3492)
r(1,31738,9,139,3493)
r(1,31738,9,139,3494)
r(4,31739,9,139,3495)
r(0,31735,9,139,3496)
r(11,31727,9,139,3497)
r(2,31732,9,139,3498)
r(2,31732,9,139,3499)
r(1,61806,9,141,3525)
r(19,21830,9,141,3526)
r(5,31734,9,141,3527)
r(3,61800,9,141,3528)
r(6,31725,9,141,3529)
r(5,31734,9,141,3530)
r(0,61805,9,141,3531)
r(2,61797,9,141,3532)
r(5,31734,9,141,3533)
r(14,31737,9,141,3534)
r(2,61797,9,141,3535)
r(0,61805,9,141,3536)
r(0,61805,9,141,3537)
r(0,61805,9,141,3538)
r(13,31726,9,141,3539)
r(0,61805,9,141,3540)
r(4,61795,9,141,3541)
r(1,61806,9,141,3542)
r(14,31737,9,141,3543)
r(0,61805,9,141,3544)
r(0,61805,9,141,3545)
r(13,31726,9,141,3546)
r(1,61806,9,141,3547)
r(13,31726,9,141,3548)
r(1,61806,9,141,3549)
r(4,51673,9,143,3575)
r(1,11605,9,143,3576)
r(12,21829,9,143,3577)
r(14,31737,9,143,3578)
r(0,11606,9,143,3579)
r(0,11606,9,143,3580)
r(0,11606,9,143,3581)
r(13,31726,9,143,3582)
r(8,61803,9,143,3583)
r(1,11605,9,143,3584)
r(1,11605,9,143,3585)
r(3,11604,9,143,3586)
r(17,21831,9,143,3587)
r(3,11604,9,143,3588)
r(4,51673,9,143,3589)
r(3,11604,9,143,3590)
r(0,11606,9,143,3591)
r(5,11603,9,143,3592)
r(8,61803,9,143,3593)
r(7,11596,9,143,3594)
r(14,31737,9,143,3595)
r(0,11606,9,143,3596)
r(4,51673,9,143,3597)
r(17,21831,9,143,3598)
r(8,61803,9,143,3599)
r(1,41862,9,146,3650)
r(2,41858,9,146,3651)
r(2,41858,9,146,3652)
r(10,61836,9,146,3653)
r(6,11629,9,146,3654)
r(16,11595,9,146,3655)
r(17,11630,9,146,3656)
r(3,11604,9,146,3657)
r(0,41861,9,146,3658)
r(3,11604,9,146,3659)
w(2,91934,9,146,3660)
w(5,91935,9,146,3661)
w(9,91936,9,146,3662)
w(17,91937,9,146,3663)
w(1,91938,9,146,3664)
w(1,91939,9,146,3665)
w(1,91940,9,146,3666)
w(2,91941,9,146,3667)
w(16,91942,9,146,3668)
w(2,91943,9,146,3669)
w(0,91944,9,146,3670)
w(1,91945,9,146,3671)
w(0,91946,9,146,3672)
w(15,91947,9,146,3673)
w(5,91948,9,146,3674)
r(16,91942,9,148,3700)
r(17,91937,9,148,3701)
r(19,51742,9,148,3702)
r(0,51746,9,148,3703)
r(0,51746,9,148,3704)
r(2,91943,9,148,3705)
r(7,51745,9,148,3706)
r(3,11604,9,148,3707)
r(0,51746,9,148,3708)
r(2,91943,9,148,3709)
r(1,51747,9,148,3710)
r(16,91942,9,148,3711)
r(12,71751,9,148,3712)
r(8,11638,9,148,3713)
r(6,71755,9,148,3714)
r(2,91943,9,148,3715)
r(0,51746,9,148,3716)
r(0,51746,9,148,3717)
r(14,31737,9,148,3718)
r(0,51746,9,148,3719)
r(6,71755,9,148,3720)
r(1,51747,9,148,3721)
r(0,51746,9,148,3722)
r(2,91943,9,148,3723)
r(14,31737,9,148,3724)
r(4,51739,9,149,3725)
r(2,91943,9,149,3726)
r(6,71755,9,149,3727)
r(0,51746,9,149,3728)
r(0,51746,9,149,3729)
r(1,51747,9,149,3730)
r(11,11600,9,149,3731)
r(8,11638,9,149,3732)
r(0,51746,9,149,3733)
r(1,51747,9,149,3734)
r(8,11638,9,149,3735)
r(0,51746,9,149,3736)
r(18,71750,9,149,3737)
w(0,91963,9,149,3738)
w(1,91964,9,149,3739)
w(6,91965,9,149,3740)
w(0,91966,9,149,3741)
w(1,91967,9,149,3742)
w(3,91968,9,149,3743)
w(0,91969,9,149,3744)
w(18,91970,9,149,3745)
w(6,91971,9,149,3746)
w(0,91972,9,149,3747)
w(0,91973,9,149,3748)
w(2,91974,9,149,3749)
r(1,91967,9,150,3750)
r(10,51743,9,150,3751)
r(3,91968,9,150,3752)
r(13,41860,9,150,3753)
r(0,91973,9,150,3754)
r(7,51745,9,150,3755)
r(7,51745,9,150,3756)
r(2,91974,9,150,3757)
r(17,11667,9,150,3758)
r(0,91973,9,150,3759)
r(13,41860,9,150,3760)
r(0,91973,9,150,3761)
r(0,91973,9,150,3762)
r(2,91974,9,150,3763)
r(0,91973,9,150,3764)
r(1,91967,9,150,3765)
r(0,91973,9,150,3766)
r(0,91973,9,150,3767)
r(0,91973,9,150,3768)
r(4,51739,9,150,3769)
w(0,91975,9,150,3770)
w(2,91976,9,150,3771)
w(13,91977,9,150,3772)
w(12,91978,9,150,3773)
w(0,91979,9,150,3774)
r(9,41914,9,151,3775)
r(3,41912,9,151,3776)
r(8,11671,9,151,3777)
r(18,91970,9,151,3778)
r(6,91971,9,151,3779)
r(1,91967,9,151,3780)
r(1,91967,9,151,3781)
r(0,91979,9,151,3782)
r(1,91967,9,151,3783)
r(1,91967,9,151,3784)
r(0,91979,9,151,3785)
w(6,91980,9,151,3786)
w(1,91981,9,151,3787)
w(3,91982,9,151,3788)
w(5,91983,9,151,3789)
w(3,91984,9,151,3790)
w(4,91985,9,151,3791)
w(2,91986,9,151,3792)
w(6,91987,9,151,3793)
w(6,91988,9,151,3794)
w(1,91989,9,151,3795)
w(3,91990,9,151,3796)
w(0,91991,9,151,3797)
w(18,91992,9,151,3798)
w(1,91993,9,151,3799)
r(0,81916,9,155,3875)
r(2,81903,9,155,3876)
r(0,81916,9,155,3877)
r(3,81915,9,155,3878)
r(2,81903,9,155,3879)
r(13,81911,9,155,3880)
r(7,51784,9,155,3881)
r(0,81916,9,155,3882)
r(4,81912,9,155,3883)
r(0,81916,9,155,3884)
r(3,81915,9,155,3885)
w(3,92032,9,155,3886)
w(9,92033,9,155,3887)
w(11,92034,9,155,3888)
w(3,92035,9,155,3889)
w(1,92036,9,155,3890)
w(17,92037,9,155,3891)
w(1,92038,9,155,3892)
w(0,92039,9,155,3893)
w(0,92040,9,155,3894)
w(2,92041,9,155,3895)
w(17,92042,9,155,3896)
w(0,92043,9,155,3897)
w(2,92044,9,155,3898)
w(2,92045,9,155,3899)
r(0,11766,9,157,3925)
r(5,11767,9,157,3926)
r(0,11766,9,157,3927)
r(2,92045,9,157,3928)
r(6,21996,9,157,3929)
r(6,21996,9,157,3930)
r(0,11766,9,157,3931)
r(0,11766,9,157,3932)
r(1,11761,9,157,3933)
r(10,11750,9,157,3934)
r(10,11750,9,157,3935)
r(1,11761,9,157,3936)
r(0,11766,9,157,3937)
r(0,11766,9,157,3938)
r(1,11761,9,157,3939)
r(1,11761,9,157,3940)
r(4,11762,9,157,3941)
r(17,92042,9,157,3942)
r(2,92045,9,157,3943)
r(7,51784,9,157,3944)
r(0,11766,9,157,3945)
r(2,92045,9,157,3946)
r(1,11761,9,157,3947)
r(0,11766,9,157,3948)
r(6,21996,9,157,3949)
w(1,92084,9,160,4000)
w(0,92085,9,160,4001)
w(0,92086,9,160,4002)
w(0,92087,9,160,4003)
w(1,92088,9,160,4004)
w(3,92089,9,160,4005)
w(3,92090,9,160,4006)
w(4,92091,9,160,4007)
w(8,92092,9,160,4008)
w(0,92093,9,160,4009)
w(2,92094,9,160,4010)
w(0,92095,9,160,4011)
w(2,92096,9,160,4012)
w(0,92097,9,160,4013)
w(3,92098,9,160,4014)
w(0,92099,9,160,4015)
w(1,92100,9,160,4016)
w(2,92101,9,160,4017)
w(1,92102,9,160,4018)
w(2,92103,9,160,4019)
w(12,92104,9,160,4020)
w(0,92105,9,160,4021)
w(1,92106,9,160,4022)
w(3,92107,9,160,4023)
w(0,92108,9,160,4024)
r(4,92091,9,161,4025)
r(0,92108,9,161,4026)
r(6,42000,9,161,4027)
r(13,31875,9,161,4028)
r(7,51896,9,161,4029)
r(15,51881,9,161,4030)
r(0,92108,9,161,4031)
r(1,92106,9,161,4032)
r(2,92103,9,161,4033)
r(2,92103,9,161,4034)
r(5,31884,9,161,4035)
r(10,11750,9,161,4036)
r(3,92107,9,161,4037)
w(0,92109,9,161,4038)
w(0,92110,9,161,4039)
w(12,92111,9,161,4040)
w(1,92112,9,161,4041)
w(1,92113,9,161,4042)
w(5,92114,9,161,4043)
w(1,92115,9,161,4044)
w(1,92116,9,161,4045)
w(0,92117,9,161,4046)
w(0,92118,9,161,4047)
w(10,92119,9,161,4048)
w(4,92120,9,161,4049)
r(0,2035,9,163,4075)
r(0,2035,9,163,4076)
r(1,2037,9,163,4077)
r(3,2033,9,163,4078)
r(0,2035,9,163,4079)
r(0,2035,9,163,4080)
r(1,2037,9,163,4081)
r(0,2035,9,163,4082)
r(1,2037,9,163,4083)
r(11,2025,9,163,4084)
r(15,51881,9,163,4085)
r(5,2038,9,163,4086)
r(5,2038,9,163,4087)
r(0,2035,9,163,4088)
r(1,2037,9,163,4089)
r(2,81986,9,163,4090)
r(0,2035,9,163,4091)
r(0,2035,9,163,4092)
r(2,81986,9,163,4093)
r(12,92111,9,163,4094)
r(2,81986,9,163,4095)
r(0,2035,9,163,4096)
r(3,2033,9,163,4097)
r(5,2038,9,163,4098)
r(19,2032,9,163,4099)
r(6,62079,9,166,4150)
r(6,62079,9,166,4151)
r(2,62076,9,166,4152)
r(10,62066,9,166,4153)
r(0,62081,9,166,4154)
r(6,62079,9,166,4155)
r(3,51996,9,166,4156)
r(0,62081,9,166,4157)
r(3,51996,9,166,4158)
r(0,62081,9,166,4159)
r(5,62060,9,166,4160)
w(2,92186,9,166,4161)
w(15,92187,9,166,4162)
w(0,92188,9,166,4163)
w(0,92189,9,166,4164)
w(0,92190,9,166,4165)
w(8,92191,9,166,4166)
w(3,92192,9,166,4167)
w(0,92193,9,166,4168)
w(8,92194,9,166,4169)
w(1,92195,9,166,4170)
w(5,92196,9,166,4171)
w(4,92197,9,166,4172)
w(12,92198,9,166,4173)
w(4,92199,9,166,4174)
r(1,92195,9,167,4175)
r(0,92193,9,167,4176)
r(0,92193,9,167,4177)
r(0,92193,9,167,4178)
r(0,92193,9,167,4179)
r(2,92186,9,167,4180)
r(16,42133,9,167,4181)
r(0,92193,9,167,4182)
w(5,92200,9,167,4183)
w(6,92201,9,167,4184)
w(3,92202,9,167,4185)
w(0,92203,9,167,4186)
w(5,92204,9,167,4187)
w(14,92205,9,167,4188)
w(0,92206,9,167,4189)
w(6,92207,9,167,4190)
w(0,92208,9,167,4191)
w(0,92209,9,167,4192)
w(6,92210,9,167,4193)
w(0,92211,9,167,4194)
w(0,92212,9,167,4195)
w(2,92213,9,167,4196)
w(17,92214,9,167,4197)
w(2,92215,9,167,4198)
w(0,92216,9,167,4199)
r(0,82138,9,171,4275)
r(10,62112,9,171,4276)
r(19,11839,9,171,4277)
r(0,82138,9,171,4278)
r(6,62123,9,171,4279)
r(2,82130,9,171,4280)
r(3,62106,9,171,4281)
r(0,82138,9,171,4282)
r(1,82137,9,171,4283)
r(3,62106,9,171,4284)
r(13,62115,9,171,4285)
r(6,62123,9,171,4286)
r(7,82112,9,171,4287)
r(15,82136,9,171,4288)
r(3,62106,9,171,4289)
r(1,82137,9,171,4290)
r(4,82132,9,171,4291)
r(0,82138,9,171,4292)
r(1,82137,9,171,4293)
r(0,82138,9,171,4294)
r(1,82137,9,171,4295)
r(0,82138,9,171,4296)
r(10,62112,9,171,4297)
r(19,11839,9,171,4298)
r(2,82130,9,171,4299)
r(0,22185,9,173,4325)
r(8,62118,9,173,4326)
r(1,22179,9,173,4327)
r(0,22185,9,173,4328)
r(3,22182,9,173,4329)
r(5,82094,9,173,4330)
r(2,22183,9,173,4331)
r(9,62103,9,173,4332)
r(0,22185,9,173,4333)
r(1,22179,9,173,4334)
w(1,92288,9,173,4335)
w(1,92289,9,173,4336)
w(7,92290,9,173,4337)
w(0,92291,9,173,4338)
w(3,92292,9,173,4339)
w(7,92293,9,173,4340)
w(0,92294,9,173,4341)
w(0,92295,9,173,4342)
w(1,92296,9,173,4343)
w(0,92297,9,173,4344)
w(0,92298,9,173,4345)
w(0,92299,9,173,4346)
w(1,92300,9,173,4347)
w(3,92301,9,173,4348)
w(11,92302,9,173,4349)
r(11,72065,9,175,4375)
r(10,62112,9,175,4376)
r(3,72069,9,175,4377)
r(9,22219,9,175,4378)
r(0,72077,9,175,4379)
r(10,62112,9,175,4380)
r(15,82136,9,175,4381)
r(11,72065,9,175,4382)
r(10,62112,9,175,4383)
r(16,72085,9,175,4384)
r(0,72077,9,175,4385)
r(15,82136,9,175,4386)
r(5,72086,9,175,4387)
r(0,72077,9,175,4388)
r(1,72083,9,175,4389)
r(2,22214,9,175,4390)
r(0,72077,9,175,4391)
r(0,72077,9,175,4392)
r(6,72072,9,175,4393)
r(0,72077,9,175,4394)
r(0,72077,9,175,4395)
r(2,22214,9,175,4396)
r(9,22219,9,175,4397)
r(0,72077,9,175,4398)
r(17,72075,9,175,4399)
r(1,72083,9,176,4400)
r(0,72077,9,176,4401)
r(1,72083,9,176,4402)
r(12,72076,9,176,4403)
r(7,72063,9,176,4404)
r(13,72084,9,176,4405)
r(0,72077,9,176,4406)
r(0,72077,9,176,4407)
r(17,72075,9,176,4408)
r(1,72083,9,176,4409)
r(8,72064,9,176,4410)
r(2,22214,9,176,4411)
r(7,72063,9,176,4412)
r(2,22214,9,176,4413)
r(0,72077,9,176,4414)
r(0,72077,9,176,4415)
r(0,72077,9,176,4416)
r(0,72077,9,176,4417)
r(1,72083,9,176,4418)
r(1,72083,9,176,4419)
r(16,72085,9,176,4420)
r(11,72065,9,176,4421)
r(1,72083,9,176,4422)
r(3,72069,9,176,4423)
r(14,92205,9,176,4424)
r(0,72113,9,179,4475)
r(0,72113,9,179,4476)
r(6,62206,9,179,4477)
r(5,52105,9,179,4478)
r(0,72113,9,179,4479)
r(5,52105,9,179,4480)
r(11,72065,9,179,4481)
r(0,72113,9,179,4482)
r(9,72114,9,179,4483)
r(4,52095,9,179,4484)
r(0,72113,9,179,4485)
r(5,52105,9,179,4486)
r(3,72111,9,179,4487)
r(7,52101,9,179,4488)
r(0,72113,9,179,4489)
r(2,52107,9,179,4490)
r(1,72116,9,179,4491)
r(2,52107,9,179,4492)
r(3,72111,9,179,4493)
r(0,72113,9,179,4494)
r(2,52107,9,179,4495)
r(7,52101,9,179,4496)
r(6,62206,9,179,4497)
r(3,72111,9,179,4498)
r(15,52108,9,179,4499)
r(12,62290,9,185,4625)
r(6,82340,9,185,4626)
r(6,82340,9,185,4627)
r(19,42367,9,185,4628)
r(0,62289,9,185,4629)
r(0,62289,9,185,4630)
r(6,82340,9,185,4631)
r(9,62284,9,185,4632)
r(0,62289,9,185,4633)
r(0,62289,9,185,4634)
r(0,62289,9,185,4635)
r(6,82340,9,185,4636)
r(0,62289,9,185,4637)
w(11,92457,9,185,4638)
w(13,92458,9,185,4639)
w(3,92459,9,185,4640)
w(1,92460,9,185,4641)
w(3,92461,9,185,4642)
w(13,92462,9,185,4643)
w(11,92463,9,185,4644)
w(0,92464,9,185,4645)
w(0,92465,9,185,4646)
w(3,92466,9,185,4647)
w(2,92467,9,185,4648)
w(3,92468,9,185,4649)
w(0,92541,9,191,4775)
w(1,92542,9,191,4776)
w(0,92543,9,191,4777)
w(0,92544,9,191,4778)
w(0,92545,9,191,4779)
w(7,92546,9,191,4780)
w(0,92547,9,191,4781)
w(13,92548,9,191,4782)
w(16,92549,9,191,4783)
w(9,92550,9,191,4784)
w(2,92551,9,191,4785)
w(4,92552,9,191,4786)
w(1,92553,9,191,4787)
w(8,92554,9,191,4788)
w(2,92555,9,191,4789)
w(0,92556,9,191,4790)
w(4,92557,9,191,4791)
w(0,92558,9,191,4792)
w(0,92559,9,191,4793)
w(13,92560,9,191,4794)
w(0,92561,9,191,4795)
w(5,92562,9,191,4796)
w(2,92563,9,191,4797)
w(13,92564,9,191,4798)
w(5,92565,9,191,4799)
w(3,92576,9,193,4825)
w(1,92577,9,193,4826)
w(5,92578,9,193,4827)
w(2,92579,9,193,4828)
w(9,92580,9,193,4829)
w(0,92581,9,193,4830)
w(4,92582,9,193,4831)
w(0,92583,9,193,4832)
w(0,92584,9,193,4833)
w(7,92585,9,193,4834)
w(15,92586,9,193,4835)
w(12,92587,9,193,4836)
w(9,92588,9,193,4837)
w(11,92589,9,193,4838)
w(1,92590,9,193,4839)
w(15,92591,9,193,4840)
w(2,92592,9,193,4841)
w(6,92593,9,193,4842)
w(0,92594,9,193,4843)
w(16,92595,9,193,4844)
w(13,92596,9,193,4845)
w(1,92597,9,193,4846)
w(19,92598,9,193,4847)
w(3,92599,9,193,4848)
w(5,92600,9,193,4849)
r(1,92597,9,194,4850)
r(7,92585,9,194,4851)
r(7,92585,9,194,4852)
r(8,92554,9,194,4853)
r(12,92587,9,194,4854)
r(19,92598,9,194,4855)
r(10,22578,9,194,4856)
r(0,92594,9,194,4857)
r(5,92600,9,194,4858)
r(11,92589,9,194,4859)
r(16,92595,9,194,4860)
r(0,92594,9,194,4861)
r(0,92594,9,194,4862)
r(0,92594,9,194,4863)
r(3,92599,9,194,4864)
r(0,92594,9,194,4865)
r(1,92597,9,194,4866)
r(3,92599,9,194,4867)
r(11,92589,9,194,4868)
r(18,32365,9,194,4869)
r(3,92599,9,194,4870)
r(4,92582,9,194,4871)
r(0,92594,9,194,4872)
r(17,62398,9,194,4873)
r(18,32365,9,194,4874)
r(7,22589,9,196,4900)
r(11,92589,9,196,4901)
r(1,12287,9,196,4902)
r(2,12288,9,196,4903)
r(2,12288,9,196,4904)
r(4,92582,9,196,4905)
r(2,12288,9,196,4906)
r(0,12289,9,196,4907)
r(7,22589,9,196,4908)
r(0,12289,9,196,4909)
r(2,12288,9,196,4910)
r(0,12289,9,196,4911)
r(7,22589,9,196,4912)
w(0,92613,9,196,4913)
w(4,92614,9,196,4914)
w(7,92615,9,196,4915)
w(8,92616,9,196,4916)
w(10,92617,9,196,4917)
w(0,92618,9,196,4918)
w(4,92619,9,196,4919)
w(2,92620,9,196,4920)
w(0,92621,9,196,4921)
w(1,92622,9,196,4922)
w(0,92623,9,196,4923)
w(8,92624,9,196,4924)
w(0,92695,9,201,5025)
w(3,92696,9,201,5026)
w(0,92697,9,201,5027)
w(9,92698,9,201,5028)
w(17,92699,9,201,5029)
w(13,92700,9,201,5030)
w(0,92701,9,201,5031)
w(10,92702,9,201,5032)
w(0,92703,9,201,5033)
w(6,92704,9,201,5034)
w(1,92705,9,201,5035)
w(13,92706,9,201,5036)
w(3,92707,9,201,5037)
w(1,92708,9,201,5038)
w(9,92709,9,201,5039)
w(0,92710,9,201,5040)
w(19,92711,9,201,5041)
w(0,92712,9,201,5042)
w(1,92713,9,201,5043)
w(0,92714,9,201,5044)
w(0,92715,9,201,5045)
w(15,92716,9,201,5046)
w(1,92717,9,201,5047)
w(0,92718,9,201,5048)
w(0,92719,9,201,5049)
r(4,82559,9,202,5050)
r(2,82555,9,202,5051)
r(0,92719,9,202,5052)
r(0,92719,9,202,5053)
r(3,92707,9,202,5054)
r(13,92706,9,202,5055)
r(0,92719,9,202,5056)
r(19,92711,9,202,5057)
r(0,92719,9,202,5058)
r(4,82559,9,202,5059)
r(5,32483,9,202,5060)
r(2,82555,9,202,5061)
r(0,92719,9,202,5062)
r(0,92719,9,202,5063)
r(7,32446,9,202,5064)
r(0,92719,9,202,5065)
r(1,92717,9,202,5066)
w(1,92720,9,202,5067)
w(4,92721,9,202,5068)
w(0,92722,9,202,5069)
w(0,92723,9,202,5070)
w(5,92724,9,202,5071)
w(1,92725,9,202,5072)
w(0,92726,9,202,5073)
w(18,92727,9,202,5074)
r(5,42716,9,207,5175)
r(6,62544,9,207,5176)
r(0,22718,9,207,5177)
r(7,12417,9,207,5178)
r(19,22712,9,207,5179)
r(0,22718,9,207,5180)
r(1,22719,9,207,5181)
r(8,2618,9,207,5182)
r(0,22718,9,207,5183)
r(8,2618,9,207,5184)
w(10,92793,9,207,5185)
w(3,92794,9,207,5186)
w(17,92795,9,207,5187)
w(18,92796,9,207,5188)
w(6,92797,9,207,5189)
w(1,92798,9,207,5190)
w(4,92799,9,207,5191)
w(0,92800,9,207,5192)
w(0,92801,9,207,5193)
w(0,92802,9,207,5194)
w(15,92803,9,207,5195)
w(3,92804,9,207,5196)
w(4,92805,9,207,5197)
w(4,92806,9,207,5198)
w(2,92807,9,207,5199)
r(12,62545,9,208,5200)
r(13,52513,9,208,5201)
r(2,92807,9,208,5202)
r(0,92802,9,208,5203)
r(0,92802,9,208,5204)
r(14,62540,9,208,5205)
r(13,52513,9,208,5206)
r(0,92802,9,208,5207)
r(0,92802,9,208,5208)
r(2,92807,9,208,5209)
r(8,2618,9,208,5210)
r(0,92802,9,208,5211)
r(2,92807,9,208,5212)
r(1,92798,9,208,5213)
r(5,42716,9,208,5214)
w(8,92808,9,208,5215)
w(0,92809,9,208,5216)
w(6,92810,9,208,5217)
w(3,92811,9,208,5218)
w(0,92812,9,208,5219)
w(1,92813,9,208,5220)
w(2,92814,9,208,5221)
w(0,92815,9,208,5222)
w(7,92816,9,208,5223)
w(1,92817,9,208,5224)
r(1,22733,9,210,5250)
r(0,22738,9,210,5251)
r(2,22737,9,210,5252)
r(0,22738,9,210,5253)
r(1,22733,9,210,5254)
r(9,52593,9,210,5255)
r(6,52596,9,210,5256)
r(0,22738,9,210,5257)
r(0,22738,9,210,5258)
r(1,22733,9,210,5259)
r(2,22737,9,210,5260)
r(9,52593,9,210,5261)
r(4,52570,9,210,5262)
r(0,22738,9,210,5263)
r(4,52570,9,210,5264)
r(2,22737,9,210,5265)
r(1,22733,9,210,5266)
r(8,92808,9,210,5267)
r(1,22733,9,210,5268)
r(0,22738,9,210,5269)
r(9,52593,9,210,5270)
r(18,52579,9,210,5271)
r(0,22738,9,210,5272)
r(13,52513,9,210,5273)
r(4,52570,9,210,5274)
r(2,42762,9,212,5300)
r(4,52570,9,212,5301)
r(19,22712,9,212,5302)
r(1,42766,9,212,5303)
r(1,42766,9,212,5304)
r(7,42757,9,212,5305)
r(0,42765,9,212,5306)
r(4,52570,9,212,5307)
r(0,42765,9,212,5308)
r(11,52598,9,212,5309)
r(0,42765,9,212,5310)
r(7,42757,9,212,5311)
r(0,42765,9,212,5312)
r(0,42765,9,212,5313)
r(3,52588,9,212,5314)
r(1,42766,9,212,5315)
r(0,42765,9,212,5316)
r(13,52513,9,212,5317)
r(9,42763,9,212,5318)
r(14,52552,9,212,5319)
r(2,42762,9,212,5320)
r(10,22740,9,212,5321)
r(1,42766,9,212,5322)
r(1,42766,9,212,5323)
r(0,42765,9,212,5324)
r(5,22739,9,213,5325)
r(0,42765,9,213,5326)
r(11,52598,9,213,5327)
r(16,22735,9,213,5328)
r(1,42766,9,213,5329)
r(0,42765,9,213,5330)
r(9,42763,9,213,5331)
r(3,52588,9,213,5332)
r(11,52598,9,213,5333)
r(1,42766,9,213,5334)
r(8,42758,9,213,5335)
r(0,42765,9,213,5336)
r(0,42765,9,213,5337)
r(6,52596,9,213,5338)
r(4,52570,9,213,5339)
r(0,42765,9,213,5340)
r(0,42765,9,213,5341)
r(1,42766,9,213,5342)
r(1,42766,9,213,5343)
r(9,42763,9,213,5344)
r(10,22740,9,213,5345)
r(4,52570,9,213,5346)
r(6,52596,9,213,5347)
r(6,52596,9,213,5348)
r(1,42766,9,213,5349)
r(9,42763,9,214,5350)
r(0,42783,9,214,5351)
r(0,42783,9,214,5352)
r(13,52513,9,214,5353)
r(1,42772,9,214,5354)
r(0,42783,9,214,5355)
r(8,42758,9,214,5356)
r(3,52588,9,214,5357)
r(6,52596,9,214,5358)
r(0,42783,9,214,5359)
r(14,52552,9,214,5360)
r(9,42763,9,214,5361)
r(9,42763,9,214,5362)
r(0,42783,9,214,5363)
r(16,22735,9,214,5364)
r(12,52555,9,214,5365)
r(5,42781,9,214,5366)
r(0,42783,9,214,5367)
r(1,42772,9,214,5368)
r(0,42783,9,214,5369)
r(0,42783,9,214,5370)
r(0,42783,9,214,5371)
r(0,42783,9,214,5372)
r(0,42783,9,214,5373)
r(6,52596,9,214,5374)
r(1,72594,9,217,5425)
r(5,72596,9,217,5426)
r(3,72587,9,217,5427)
r(17,42752,9,217,5428)
r(5,72596,9,217,5429)
r(4,52570,9,217,5430)
r(0,72592,9,217,5431)
r(1,72594,9,217,5432)
r(0,72592,9,217,5433)
r(9,42763,9,217,5434)
r(0,72592,9,217,5435)
r(3,72587,9,217,5436)
r(7,72590,9,217,5437)
r(0,72592,9,217,5438)
r(11,72593,9,217,5439)
r(1,72594,9,217,5440)
r(2,42774,9,217,5441)
r(2,42774,9,217,5442)
r(8,42758,9,217,5443)
r(0,72592,9,217,5444)
r(2,42774,9,217,5445)
r(4,52570,9,217,5446)
r(7,72590,9,217,5447)
r(9,42763,9,217,5448)
r(0,72592,9,217,5449)
r(0,32692,9,219,5475)
r(1,32694,9,219,5476)
r(6,72584,9,219,5477)
r(1,32694,9,219,5478)
r(1,32694,9,219,5479)
r(0,32692,9,219,5480)
r(2,32696,9,219,5481)
r(0,32692,9,219,5482)
r(1,32694,9,219,5483)
r(1,32694,9,219,5484)
r(17,42752,9,219,5485)
w(5,92900,9,219,5486)
w(7,92901,9,219,5487)
w(4,92902,9,219,5488)
w(0,92903,9,219,5489)
w(0,92904,9,219,5490)
w(15,92905,9,219,5491)
w(1,92906,9,219,5492)
w(0,92907,9,219,5493)
w(17,92908,9,219,5494)
w(13,92909,9,219,5495)
w(9,92910,9,219,5496)
w(3,92911,9,219,5497)
w(1,92912,9,219,5498)
w(3,92913,9,219,5499)
r(4,72659,9,223,5575)
r(9,72661,9,223,5576)
r(4,72659,9,223,5577)
r(1,72671,9,223,5578)
r(0,72673,9,223,5579)
r(3,52734,9,223,5580)
r(1,72671,9,223,5581)
r(13,72658,9,223,5582)
r(2,52740,9,223,5583)
r(16,72667,9,223,5584)
r(0,72673,9,223,5585)
r(1,72671,9,223,5586)
r(0,72673,9,223,5587)
r(0,72673,9,223,5588)
r(3,52734,9,223,5589)
r(1,72671,9,223,5590)
r(0,72673,9,223,5591)
r(0,72673,9,223,5592)
r(9,72661,9,223,5593)
r(13,72658,9,223,5594)
r(0,72673,9,223,5595)
r(8,52741,9,223,5596)
r(0,72673,9,223,5597)
r(0,72673,9,223,5598)
r(0,72673,9,223,5599)
r(3,82762,9,224,5600)
r(3,82762,9,224,5601)
r(8,52741,9,224,5602)
r(0,82772,9,224,5603)
r(0,82772,9,224,5604)
r(0,82772,9,224,5605)
r(15,82770,9,224,5606)
r(1,82774,9,224,5607)
r(0,82772,9,224,5608)
r(14,82766,9,224,5609)
r(9,72661,9,224,5610)
r(9,72661,9,224,5611)
r(17,52730,9,224,5612)
r(5,92900,9,224,5613)
r(19,72588,9,224,5614)
r(0,82772,9,224,5615)
r(5,92900,9,224,5616)
r(4,72659,9,224,5617)
r(1,82774,9,224,5618)
r(4,72659,9,224,5619)
r(11,82775,9,224,5620)
r(1,82774,9,224,5621)
r(9,72661,9,224,5622)
r(4,72659,9,224,5623)
r(0,82772,9,224,5624)
r(2,32828,9,227,5675)
r(2,32828,9,227,5676)
r(0,32816,9,227,5677)
r(2,32828,9,227,5678)
r(0,32816,9,227,5679)
r(7,32818,9,227,5680)
r(15,32826,9,227,5681)
r(13,12624,9,227,5682)
r(1,32822,9,227,5683)
r(4,32824,9,227,5684)
r(0,32816,9,227,5685)
r(1,32822,9,227,5686)
r(4,32824,9,227,5687)
r(0,32816,9,227,5688)
r(7,32818,9,227,5689)
r(15,32826,9,227,5690)
r(14,72691,9,227,5691)
r(2,32828,9,227,5692)
r(0,32816,9,227,5693)
r(0,32816,9,227,5694)
r(6,32827,9,227,5695)
r(2,32828,9,227,5696)
r(0,32816,9,227,5697)
r(3,32825,9,227,5698)
r(0,32816,9,227,5699)
r(2,32828,9,228,5700)
r(0,32816,9,228,5701)
r(0,32816,9,228,5702)
r(0,32816,9,228,5703)
r(3,32825,9,228,5704)
r(6,32827,9,228,5705)
r(14,72691,9,228,5706)
r(3,32825,9,228,5707)
r(11,72702,9,228,5708)
r(5,32821,9,228,5709)
r(16,12615,9,228,5710)
r(0,32816,9,228,5711)
r(3,32825,9,228,5712)
r(0,32816,9,228,5713)
r(0,32816,9,228,5714)
r(15,32826,9,228,5715)
r(1,32822,9,228,5716)
r(0,32816,9,228,5717)
r(9,72690,9,228,5718)
r(3,32825,9,228,5719)
r(13,12624,9,228,5720)
r(4,32824,9,228,5721)
r(2,32828,9,228,5722)
r(1,32822,9,228,5723)
r(17,52730,9,228,5724)
r(0,62740,9,229,5725)
r(0,62740,9,229,5726)
r(0,62740,9,229,5727)
r(3,62736,9,229,5728)
r(0,62740,9,229,5729)
r(9,62744,9,229,5730)
r(0,62740,9,229,5731)
r(5,62741,9,229,5732)
r(6,32827,9,229,5733)
r(4,32824,9,229,5734)
r(0,62740,9,229,5735)
r(0,62740,9,229,5736)
r(13,12624,9,229,5737)
r(3,62736,9,229,5738)
r(5,62741,9,229,5739)
r(8,72701,9,229,5740)
r(4,32824,9,229,5741)
r(5,62741,9,229,5742)
r(4,32824,9,229,5743)
r(0,62740,9,229,5744)
r(3,62736,9,229,5745)
r(5,62741,9,229,5746)
r(0,62740,9,229,5747)
r(6,32827,9,229,5748)
r(3,62736,9,229,5749)
r(11,72702,9,230,5750)
r(4,32824,9,230,5751)
r(1,32822,9,230,5752)
r(6,32827,9,230,5753)
r(13,12624,9,230,5754)
r(15,32826,9,230,5755)
r(3,62736,9,230,5756)
r(0,62740,9,230,5757)
r(2,62745,9,230,5758)
r(2,62745,9,230,5759)
r(0,62740,9,230,5760)
r(1,32822,9,230,5761)
r(3,62736,9,230,5762)
r(5,62741,9,230,5763)
r(1,32822,9,230,5764)
r(0,62740,9,230,5765)
r(0,62740,9,230,5766)
r(7,32818,9,230,5767)
r(0,62740,9,230,5768)
r(2,62745,9,230,5769)
r(2,62745,9,230,5770)
r(1,32822,9,230,5771)
r(1,32822,9,230,5772)
r(12,32823,9,230,5773)
r(0,62740,9,230,5774)
r(2,12720,9,236,5900)
r(8,42972,9,236,5901)
r(1,2885,9,236,5902)
r(5,12717,9,236,5903)
r(15,42959,9,236,5904)
r(16,82916,9,236,5905)
r(12,2886,9,236,5906)
r(8,42972,9,236,5907)
r(5,12717,9,236,5908)
r(1,2885,9,236,5909)
r(2,12720,9,236,5910)
r(8,42972,9,236,5911)
r(2,12720,9,236,5912)
r(10,2888,9,236,5913)
r(9,2884,9,236,5914)
r(0,2881,9,236,5915)
r(1,2885,9,236,5916)
r(0,2881,9,236,5917)
r(1,2885,9,236,5918)
r(3,42979,9,236,5919)
r(3,42979,9,236,5920)
r(7,42977,9,236,5921)
r(0,2881,9,236,5922)
r(1,2885,9,236,5923)
r(0,2881,9,236,5924)
w(4,93128,9,241,6025)
w(11,93129,9,241,6026)
w(4,93130,9,241,6027)
w(12,93131,9,241,6028)
w(11,93132,9,241,6029)
w(10,93133,9,241,6030)
w(1,93134,9,241,6031)
w(6,93135,9,241,6032)
w(9,93136,9,241,6033)
w(3,93137,9,241,6034)
w(0,93138,9,241,6035)
w(3,93139,9,241,6036)
w(4,93140,9,241,6037)
w(1,93141,9,241,6038)
w(0,93142,9,241,6039)
w(2,93143,9,241,6040)
w(1,93144,9,241,6041)
w(5,93145,9,241,6042)
w(0,93146,9,241,6043)
w(0,93147,9,241,6044)
w(0,93148,9,241,6045)
w(13,93149,9,241,6046)
w(10,93150,9,241,6047)
w(14,93151,9,241,6048)
w(5,93152,9,241,6049)
r(0,33028,9,244,6100)
r(3,33031,9,244,6101)
r(4,33029,9,244,6102)
r(6,33025,9,244,6103)
r(2,12802,9,244,6104)
r(14,93151,9,244,6105)
r(4,33029,9,244,6106)
r(0,33028,9,244,6107)
r(0,33028,9,244,6108)
r(2,12802,9,244,6109)
r(13,93149,9,244,6110)
r(6,33025,9,244,6111)
r(4,33029,9,244,6112)
r(1,33032,9,244,6113)
r(14,93151,9,244,6114)
r(0,33028,9,244,6115)
r(6,33025,9,244,6116)
r(1,33032,9,244,6117)
r(1,33032,9,244,6118)
r(2,12802,9,244,6119)
r(1,33032,9,244,6120)
r(2,12802,9,244,6121)
r(19,83016,9,244,6122)
r(2,12802,9,244,6123)
r(5,12804,9,244,6124)
r(3,63098,9,251,6275)
r(0,63113,9,251,6276)
r(0,63113,9,251,6277)
r(9,63114,9,251,6278)
r(14,63102,9,251,6279)
r(0,63113,9,251,6280)
r(3,63098,9,251,6281)
r(0,63113,9,251,6282)
r(5,63106,9,251,6283)
r(0,63113,9,251,6284)
w(0,93287,9,251,6285)
w(0,93288,9,251,6286)
w(16,93289,9,251,6287)
w(6,93290,9,251,6288)
w(0,93291,9,251,6289)
w(0,93292,9,251,6290)
w(5,93293,9,251,6291)
w(3,93294,9,251,6292)
w(8,93295,9,251,6293)
w(3,93296,9,251,6294)
w(0,93297,9,251,6295)
w(2,93298,9,251,6296)
w(0,93299,9,251,6297)
w(3,93300,9,251,6298)
w(5,93301,9,251,6299)
r(1,73065,9,253,6325)
r(5,73058,9,253,6326)
r(2,73080,9,253,6327)
r(2,73080,9,253,6328)
r(2,73080,9,253,6329)
r(1,73065,9,253,6330)
r(0,73081,9,253,6331)
r(15,73068,9,253,6332)
r(3,73073,9,253,6333)
r(0,73081,9,253,6334)
r(0,73081,9,253,6335)
w(0,93315,9,253,6336)
w(15,93316,9,253,6337)
w(14,93317,9,253,6338)
w(9,93318,9,253,6339)
w(0,93319,9,253,6340)
w(5,93320,9,253,6341)
w(11,93321,9,253,6342)
w(1,93322,9,253,6343)
w(10,93323,9,253,6344)
w(2,93324,9,253,6345)
w(0,93325,9,253,6346)
w(14,93326,9,253,6347)
w(18,93327,9,253,6348)
w(1,93328,9,253,6349)
r(7,63133,9,255,6375)
r(9,3141,9,255,6376)
r(0,3147,9,255,6377)
r(4,33192,9,255,6378)
r(18,93327,9,255,6379)
r(2,33196,9,255,6380)
r(0,3147,9,255,6381)
r(9,3141,9,255,6382)
r(10,3142,9,255,6383)
r(2,33196,9,255,6384)
r(0,3147,9,255,6385)
r(2,33196,9,255,6386)
r(3,33198,9,255,6387)
r(0,3147,9,255,6388)
r(0,3147,9,255,6389)
r(0,3147,9,255,6390)
r(2,33196,9,255,6391)
r(1,12976,9,255,6392)
r(4,33192,9,255,6393)
r(0,3147,9,255,6394)
r(0,3147,9,255,6395)
r(15,93316,9,255,6396)
r(3,33198,9,255,6397)
r(0,3147,9,255,6398)
r(1,12976,9,255,6399)
r(17,12993,9,257,6425)
r(0,13002,9,257,6426)
r(1,13000,9,257,6427)
r(9,3141,9,257,6428)
r(14,3149,9,257,6429)
r(6,12996,9,257,6430)
r(14,3149,9,257,6431)
r(2,12998,9,257,6432)
r(1,13000,9,257,6433)
r(3,12999,9,257,6434)
r(6,12996,9,257,6435)
r(11,3154,9,257,6436)
r(0,13002,9,257,6437)
r(4,12991,9,257,6438)
r(5,33213,9,257,6439)
r(15,33201,9,257,6440)
r(16,3143,9,257,6441)
r(6,12996,9,257,6442)
r(2,12998,9,257,6443)
r(4,12991,9,257,6444)
r(0,13002,9,257,6445)
r(14,3149,9,257,6446)
r(7,3157,9,257,6447)
r(13,33223,9,257,6448)
r(0,13002,9,257,6449)
r(3,73178,9,260,6500)
r(9,13035,9,260,6501)
r(0,73183,9,260,6502)
r(0,73183,9,260,6503)
r(0,73183,9,260,6504)
r(2,73181,9,260,6505)
r(7,73172,9,260,6506)
r(0,73183,9,260,6507)
r(1,73182,9,260,6508)
r(14,73161,9,260,6509)
r(3,73178,9,260,6510)
r(1,73182,9,260,6511)
r(13,33223,9,260,6512)
r(1,73182,9,260,6513)
r(1,73182,9,260,6514)
r(1,73182,9,260,6515)
r(1,73182,9,260,6516)
r(0,73183,9,260,6517)
r(0,73183,9,260,6518)
r(4,73176,9,260,6519)
r(8,3189,9,260,6520)
r(4,73176,9,260,6521)
r(3,73178,9,260,6522)
r(0,73183,9,260,6523)
r(6,73174,9,260,6524)
r(5,73165,9,261,6525)
r(0,73191,9,261,6526)
r(12,13037,9,261,6527)
r(13,33223,9,261,6528)
r(1,73193,9,261,6529)
r(0,73191,9,261,6530)
r(3,73186,9,261,6531)
r(2,33261,9,261,6532)
r(6,73190,9,261,6533)
r(19,33266,9,261,6534)
r(0,73191,9,261,6535)
r(1,73193,9,261,6536)
r(8,73189,9,261,6537)
r(1,73193,9,261,6538)
r(18,93327,9,261,6539)
r(11,73177,9,261,6540)
r(1,73193,9,261,6541)
r(0,73191,9,261,6542)
w(1,93380,9,261,6543)
w(1,93381,9,261,6544)
w(6,93382,9,261,6545)
w(4,93383,9,261,6546)
w(9,93384,9,261,6547)
w(2,93385,9,261,6548)
w(14,93386,9,261,6549)
r(17,33393,9,268,6700)
r(7,33390,9,268,6701)
r(0,33396,9,268,6702)
r(4,33398,9,268,6703)
r(6,13126,9,268,6704)
r(0,33396,9,268,6705)
r(1,33385,9,268,6706)
r(7,33390,9,268,6707)
r(1,33385,9,268,6708)
r(0,33396,9,268,6709)
r(15,13103,9,268,6710)
r(0,33396,9,268,6711)
r(1,33385,9,268,6712)
r(1,33385,9,268,6713)
r(1,33385,9,268,6714)
r(2,33400,9,268,6715)
r(3,33405,9,268,6716)
r(4,33398,9,268,6717)
r(0,33396,9,268,6718)
r(7,33390,9,268,6719)
r(5,13135,9,268,6720)
r(6,13126,9,268,6721)
r(0,33396,9,268,6722)
r(0,33396,9,268,6723)
r(0,33396,9,268,6724)
r(3,33405,9,269,6725)
r(17,33393,9,269,6726)
r(6,13126,9,269,6727)
r(9,33401,9,269,6728)
r(0,33396,9,269,6729)
r(17,33393,9,269,6730)
r(3,33405,9,269,6731)
r(1,33385,9,269,6732)
r(1,33385,9,269,6733)
r(13,33397,9,269,6734)
r(0,33396,9,269,6735)
r(5,13135,9,269,6736)
r(1,33385,9,269,6737)
r(0,33396,9,269,6738)
r(2,33400,9,269,6739)
w(0,93476,9,269,6740)
w(9,93477,9,269,6741)
w(0,93478,9,269,6742)
w(12,93479,9,269,6743)
w(1,93480,9,269,6744)
w(0,93481,9,269,6745)
w(17,93482,9,269,6746)
w(1,93483,9,269,6747)
w(0,93484,9,269,6748)
w(1,93485,9,269,6749)
r(1,73291,9,271,6775)
r(14,3413,9,271,6776)
r(2,13147,9,271,6777)
r(16,3395,9,271,6778)
r(1,73291,9,271,6779)
r(0,73293,9,271,6780)
r(16,3395,9,271,6781)
r(4,73289,9,271,6782)
r(0,73293,9,271,6783)
r(0,73293,9,271,6784)
r(0,73293,9,271,6785)
r(0,73293,9,271,6786)
r(12,93479,9,271,6787)
r(0,73293,9,271,6788)
w(10,93499,9,271,6789)
w(2,93500,9,271,6790)
w(0,93501,9,271,6791)
w(0,93502,9,271,6792)
w(9,93503,9,271,6793)
w(1,93504,9,271,6794)
w(0,93505,9,271,6795)
w(2,93506,9,271,6796)
w(4,93507,9,271,6797)
w(0,93508,9,271,6798)
w(0,93509,9,271,6799)
r(0,93509,9,272,6800)
r(0,93509,9,272,6801)
r(0,93509,9,272,6802)
r(2,93506,9,272,6803)
r(0,93509,9,272,6804)
r(3,3400,9,272,6805)
r(0,93509,9,272,6806)
r(17,93482,9,272,6807)
r(0,93509,9,272,6808)
r(17,93482,9,272,6809)
r(1,93504,9,272,6810)
r(6,3414,9,272,6811)
r(3,3400,9,272,6812)
r(2,93506,9,272,6813)
r(1,93504,9,272,6814)
w(14,93510,9,272,6815)
w(1,93511,9,272,6816)
w(2,93512,9,272,6817)
w(1,93513,9,272,6818)
w(1,93514,9,272,6819)
w(7,93515,9,272,6820)
w(2,93516,9,272,6821)
w(14,93517,9,272,6822)
w(2,93518,9,272,6823)
w(4,93519,9,272,6824)
r(1,93514,9,273,6825)
r(2,93518,9,273,6826)
r(2,93518,9,273,6827)
r(1,93514,9,273,6828)
r(0,93509,9,273,6829)
r(10,73297,9,273,6830)
r(1,93514,9,273,6831)
r(0,93509,9,273,6832)
r(2,93518,9,273,6833)
r(1,93514,9,273,6834)
r(2,93518,9,273,6835)
r(16,73296,9,273,6836)
r(5,13135,9,273,6837)
r(9,93503,9,273,6838)
r(13,73295,9,273,6839)
r(17,93482,9,273,6840)
r(2,93518,9,273,6841)
w(19,93520,9,273,6842)
w(0,93521,9,273,6843)
w(12,93522,9,273,6844)
w(0,93523,9,273,6845)
w(0,93524,9,273,6846)
w(0,93525,9,273,6847)
w(0,93526,9,273,6848)
w(7,93527,9,273,6849)
