r(0,90023,2,1,25)
r(14,0,2,1,26)
r(6,90003,2,1,27)
r(7,30012,2,1,28)
r(1,90017,2,1,29)
r(1,90017,2,1,30)
r(0,90023,2,1,31)
r(0,90023,2,1,32)
r(14,0,2,1,33)
r(0,90023,2,1,34)
r(1,90017,2,1,35)
r(1,90017,2,1,36)
r(2,90012,2,1,37)
w(8,20012,2,1,38)
w(10,20013,2,1,39)
w(1,20014,2,1,40)
w(2,20015,2,1,41)
w(2,20016,2,1,42)
w(1,20017,2,1,43)
w(10,20018,2,1,44)
w(1,20019,2,1,45)
w(7,20020,2,1,46)
w(4,20021,2,1,47)
w(4,20022,2,1,48)
w(0,20023,2,1,49)
r(9,90005,2,3,75)
r(13,80019,2,3,76)
r(0,60030,2,3,77)
r(2,60026,2,3,78)
r(4,20022,2,3,79)
r(1,20019,2,3,80)
r(2,60026,2,3,81)
r(1,20019,2,3,82)
r(7,60031,2,3,83)
r(13,80019,2,3,84)
r(1,20019,2,3,85)
r(0,60030,2,3,86)
r(5,60029,2,3,87)
r(0,60030,2,3,88)
r(8,20012,2,3,89)
r(0,60030,2,3,90)
w(8,20032,2,3,91)
w(1,20033,2,3,92)
w(1,20034,2,3,93)
w(1,20035,2,3,94)
w(1,20036,2,3,95)
w(5,20037,2,3,96)
w(5,20038,2,3,97)
w(17,20039,2,3,98)
w(5,20040,2,3,99)
r(0,60030,2,4,100)
r(4,20022,2,4,101)
r(0,60030,2,4,102)
r(0,60030,2,4,103)
r(3,60028,2,4,104)
r(9,90005,2,4,105)
r(0,60030,2,4,106)
r(2,60026,2,4,107)
r(0,60030,2,4,108)
r(2,60026,2,4,109)
r(0,60030,2,4,110)
r(0,60030,2,4,111)
r(1,20036,2,4,112)
r(5,20040,2,4,113)
r(6,60025,2,4,114)
r(1,20036,2,4,115)
r(1,20036,2,4,116)
r(10,20018,2,4,117)
r(6,60025,2,4,118)
r(0,60030,2,4,119)
r(1,20036,2,4,120)
r(18,80037,2,4,121)
r(14,60023,2,4,122)
r(1,20036,2,4,123)
r(0,60030,2,4,124)
r(2,50053,2,6,150)
r(5,20040,2,6,151)
r(3,50054,2,6,152)
r(0,50057,2,6,153)
r(7,50056,2,6,154)
r(15,0,2,6,155)
r(2,50053,2,6,156)
r(0,50057,2,6,157)
r(1,20036,2,6,158)
r(0,50057,2,6,159)
r(4,20022,2,6,160)
r(4,20022,2,6,161)
r(1,20036,2,6,162)
r(11,50055,2,6,163)
r(13,80019,2,6,164)
r(4,20022,2,6,165)
r(14,60023,2,6,166)
r(12,50051,2,6,167)
r(0,50057,2,6,168)
r(9,90005,2,6,169)
r(0,50057,2,6,170)
r(2,50053,2,6,171)
r(3,50054,2,6,172)
r(0,50057,2,6,173)
r(1,20036,2,6,174)
r(0,10076,2,8,200)
r(14,10068,2,8,201)
r(0,10076,2,8,202)
r(2,10070,2,8,203)
r(1,10074,2,8,204)
r(0,10076,2,8,205)
r(0,10076,2,8,206)
r(9,90005,2,8,207)
r(17,20039,2,8,208)
w(0,20079,2,8,209)
w(8,20080,2,8,210)
w(4,20081,2,8,211)
w(1,20082,2,8,212)
w(0,20083,2,8,213)
w(0,20084,2,8,214)
w(7,20085,2,8,215)
w(11,20086,2,8,216)
w(9,20087,2,8,217)
w(4,20088,2,8,218)
w(4,20089,2,8,219)
w(3,20090,2,8,220)
w(6,20091,2,8,221)
w(13,20092,2,8,222)
w(1,20093,2,8,223)
w(1,20094,2,8,224)
r(0,40101,2,10,250)
r(11,20086,2,10,251)
r(0,40101,2,10,252)
r(8,40095,2,10,253)
r(4,40089,2,10,254)
r(1,40103,2,10,255)
r(0,40101,2,10,256)
r(0,40101,2,10,257)
r(2,40076,2,10,258)
r(1,40103,2,10,259)
r(6,40094,2,10,260)
r(0,40101,2,10,261)
r(0,40101,2,10,262)
r(2,40076,2,10,263)
r(2,40076,2,10,264)
r(15,40078,2,10,265)
r(3,40098,2,10,266)
w(2,20104,2,10,267)
w(14,20105,2,10,268)
w(1,20106,2,10,269)
w(1,20107,2,10,270)
w(1,20108,2,10,271)
w(11,20109,2,10,272)
w(2,20110,2,10,273)
w(1,20111,2,10,274)
r(0,30156,2,13,325)
r(18,80037,2,13,326)
r(3,40141,2,13,327)
r(6,70135,2,13,328)
r(1,70152,2,13,329)
r(1,70152,2,13,330)
r(2,30157,2,13,331)
r(1,70152,2,13,332)
r(1,70152,2,13,333)
w(12,20162,2,13,334)
w(6,20163,2,13,335)
w(6,20164,2,13,336)
w(3,20165,2,13,337)
w(2,20166,2,13,338)
w(3,20167,2,13,339)
w(3,20168,2,13,340)
w(2,20169,2,13,341)
w(2,20170,2,13,342)
w(9,20171,2,13,343)
w(4,20172,2,13,344)
w(0,20173,2,13,345)
w(4,20174,2,13,346)
w(5,20175,2,13,347)
w(0,20176,2,13,348)
w(0,20177,2,13,349)
r(1,40230,2,16,400)
r(7,10178,2,16,401)
r(7,10178,2,16,402)
r(2,10184,2,16,403)
r(0,40231,2,16,404)
r(0,40231,2,16,405)
r(2,10184,2,16,406)
r(10,10182,2,16,407)
r(1,40230,2,16,408)
r(14,40229,2,16,409)
r(1,40230,2,16,410)
r(2,10184,2,16,411)
w(5,20199,2,16,412)
w(2,20200,2,16,413)
w(4,20201,2,16,414)
w(9,20202,2,16,415)
w(2,20203,2,16,416)
w(0,20204,2,16,417)
w(0,20205,2,16,418)
w(2,20206,2,16,419)
w(0,20207,2,16,420)
w(2,20208,2,16,421)
w(1,20209,2,16,422)
w(0,20210,2,16,423)
w(8,20211,2,16,424)
r(5,70217,2,20,500)
r(1,10244,2,20,501)
r(14,40229,2,20,502)
r(1,10244,2,20,503)
r(1,10244,2,20,504)
r(0,10248,2,20,505)
r(10,30226,2,20,506)
r(7,10240,2,20,507)
r(3,10243,2,20,508)
r(7,10240,2,20,509)
w(4,20261,2,20,510)
w(4,20262,2,20,511)
w(0,20263,2,20,512)
w(8,20264,2,20,513)
w(0,20265,2,20,514)
w(4,20266,2,20,515)
w(7,20267,2,20,516)
w(2,20268,2,20,517)
w(2,20269,2,20,518)
w(0,20270,2,20,519)
w(5,20271,2,20,520)
w(14,20272,2,20,521)
w(4,20273,2,20,522)
w(1,20274,2,20,523)
w(9,20275,2,20,524)
r(15,10187,2,21,525)
r(7,20267,2,21,526)
r(0,20270,2,21,527)
r(0,20270,2,21,528)
r(2,20269,2,21,529)
r(2,20269,2,21,530)
r(3,10243,2,21,531)
r(7,20267,2,21,532)
r(15,10187,2,21,533)
r(8,20264,2,21,534)
r(3,10243,2,21,535)
r(3,10243,2,21,536)
r(4,20273,2,21,537)
r(9,20275,2,21,538)
r(18,70215,2,21,539)
w(19,20276,2,21,540)
w(3,20277,2,21,541)
w(3,20278,2,21,542)
w(7,20279,2,21,543)
w(2,20280,2,21,544)
w(16,20281,2,21,545)
w(14,20282,2,21,546)
w(7,20283,2,21,547)
w(2,20284,2,21,548)
w(0,20285,2,21,549)
r(10,90355,2,27,675)
r(8,90326,2,27,676)
r(1,90363,2,27,677)
r(17,50302,2,27,678)
r(1,90363,2,27,679)
r(0,90359,2,27,680)
r(0,90359,2,27,681)
r(4,90353,2,27,682)
r(0,90359,2,27,683)
r(5,50308,2,27,684)
r(1,90363,2,27,685)
w(8,20362,2,27,686)
w(3,20363,2,27,687)
w(8,20364,2,27,688)
w(0,20365,2,27,689)
w(11,20366,2,27,690)
w(0,20367,2,27,691)
w(1,20368,2,27,692)
w(2,20369,2,27,693)
w(0,20370,2,27,694)
w(13,20371,2,27,695)
w(0,20372,2,27,696)
w(5,20373,2,27,697)
w(1,20374,2,27,698)
w(2,20375,2,27,699)
r(11,20366,2,29,725)
r(15,90334,2,29,726)
r(4,90353,2,29,727)
r(1,20374,2,29,728)
r(6,50310,2,29,729)
r(1,20374,2,29,730)
r(19,90324,2,29,731)
r(8,20364,2,29,732)
r(8,20364,2,29,733)
r(8,20364,2,29,734)
r(10,90355,2,29,735)
r(5,20373,2,29,736)
r(1,20374,2,29,737)
r(1,20374,2,29,738)
r(5,20373,2,29,739)
w(0,20389,2,29,740)
w(0,20390,2,29,741)
w(2,20391,2,29,742)
w(4,20392,2,29,743)
w(0,20393,2,29,744)
w(5,20394,2,29,745)
w(2,20395,2,29,746)
w(7,20396,2,29,747)
w(19,20397,2,29,748)
w(0,20398,2,29,749)
r(1,20374,2,30,750)
r(2,20395,2,30,751)
r(7,20396,2,30,752)
r(4,20392,2,30,753)
r(17,50302,2,30,754)
r(8,20364,2,30,755)
r(0,20398,2,30,756)
r(3,20363,2,30,757)
r(2,20395,2,30,758)
r(3,20363,2,30,759)
r(14,90315,2,30,760)
r(0,20398,2,30,761)
r(1,20374,2,30,762)
r(1,20374,2,30,763)
r(18,90268,2,30,764)
r(3,20363,2,30,765)
r(0,20398,2,30,766)
r(0,20398,2,30,767)
r(15,90334,2,30,768)
r(4,20392,2,30,769)
r(8,20364,2,30,770)
r(1,20374,2,30,771)
r(0,20398,2,30,772)
r(14,90315,2,30,773)
r(0,20398,2,30,774)
r(7,20396,2,32,800)
r(4,475,2,32,801)
r(2,80397,2,32,802)
r(1,80393,2,32,803)
r(2,80397,2,32,804)
r(14,80382,2,32,805)
r(2,80397,2,32,806)
r(4,475,2,32,807)
r(3,459,2,32,808)
r(0,80396,2,32,809)
r(1,80393,2,32,810)
r(0,80396,2,32,811)
r(5,20394,2,32,812)
r(15,80399,2,32,813)
w(15,20424,2,32,814)
w(1,20425,2,32,815)
w(15,20426,2,32,816)
w(6,20427,2,32,817)
w(17,20428,2,32,818)
w(18,20429,2,32,819)
w(10,20430,2,32,820)
w(0,20431,2,32,821)
w(5,20432,2,32,822)
w(2,20433,2,32,823)
w(1,20434,2,32,824)
r(1,20434,2,33,825)
r(1,20434,2,33,826)
r(11,80403,2,33,827)
r(2,20433,2,33,828)
r(12,80389,2,33,829)
r(10,20430,2,33,830)
r(6,20427,2,33,831)
r(16,50284,2,33,832)
r(7,20396,2,33,833)
r(0,20431,2,33,834)
r(0,20431,2,33,835)
r(0,20431,2,33,836)
r(11,80403,2,33,837)
r(4,475,2,33,838)
r(4,475,2,33,839)
r(2,20433,2,33,840)
r(1,20434,2,33,841)
r(2,20433,2,33,842)
r(0,20431,2,33,843)
r(3,80404,2,33,844)
r(12,80389,2,33,845)
r(9,80398,2,33,846)
r(1,20434,2,33,847)
r(13,80392,2,33,848)
r(0,20431,2,33,849)
w(0,20435,2,34,850)
w(0,20436,2,34,851)
w(0,20437,2,34,852)
w(17,20438,2,34,853)
w(0,20439,2,34,854)
w(1,20440,2,34,855)
w(0,20441,2,34,856)
w(1,20442,2,34,857)
w(2,20443,2,34,858)
w(1,20444,2,34,859)
w(10,20445,2,34,860)
w(3,20446,2,34,861)
w(3,20447,2,34,862)
w(7,20448,2,34,863)
w(2,20449,2,34,864)
w(0,20450,2,34,865)
w(0,20451,2,34,866)
w(3,20452,2,34,867)
w(2,20453,2,34,868)
w(5,20454,2,34,869)
w(0,20455,2,34,870)
w(2,20456,2,34,871)
w(8,20457,2,34,872)
w(2,20458,2,34,873)
w(7,20459,2,34,874)
r(0,20455,2,35,875)
r(1,20444,2,35,876)
r(3,20452,2,35,877)
r(10,20445,2,35,878)
r(3,20452,2,35,879)
r(5,20454,2,35,880)
r(0,20455,2,35,881)
r(0,20455,2,35,882)
r(5,20454,2,35,883)
r(1,20444,2,35,884)
r(1,20444,2,35,885)
r(0,20455,2,35,886)
w(0,20460,2,35,887)
w(0,20461,2,35,888)
w(0,20462,2,35,889)
w(0,20463,2,35,890)
w(15,20464,2,35,891)
w(2,20465,2,35,892)
w(0,20466,2,35,893)
w(2,20467,2,35,894)
w(2,20468,2,35,895)
w(4,20469,2,35,896)
w(1,20470,2,35,897)
w(9,20471,2,35,898)
w(9,20472,2,35,899)
r(1,10422,2,37,925)
r(0,10421,2,37,926)
r(12,10420,2,37,927)
r(0,10421,2,37,928)
r(7,20459,2,37,929)
r(6,10393,2,37,930)
r(0,10421,2,37,931)
r(3,10424,2,37,932)
r(12,10420,2,37,933)
r(1,10422,2,37,934)
r(5,10423,2,37,935)
r(0,10421,2,37,936)
r(11,10419,2,37,937)
r(13,10383,2,37,938)
r(6,10393,2,37,939)
r(13,10383,2,37,940)
r(4,10413,2,37,941)
r(5,10423,2,37,942)
r(10,20445,2,37,943)
r(1,10422,2,37,944)
r(0,10421,2,37,945)
r(2,10417,2,37,946)
r(10,20445,2,37,947)
r(1,10422,2,37,948)
r(1,10422,2,37,949)
r(7,60415,2,40,1000)
r(6,60416,2,40,1001)
r(7,60415,2,40,1002)
r(0,70450,2,40,1003)
r(0,70450,2,40,1004)
r(16,50284,2,40,1005)
r(7,60415,2,40,1006)
r(6,60416,2,40,1007)
r(6,60416,2,40,1008)
r(1,70443,2,40,1009)
r(13,10383,2,40,1010)
r(5,90461,2,40,1011)
r(3,70451,2,40,1012)
r(0,70450,2,40,1013)
r(1,70443,2,40,1014)
r(8,90467,2,40,1015)
r(6,60416,2,40,1016)
r(4,60420,2,40,1017)
r(0,70450,2,40,1018)
r(5,90461,2,40,1019)
r(0,70450,2,40,1020)
r(0,70450,2,40,1021)
r(0,70450,2,40,1022)
r(7,60415,2,40,1023)
r(8,90467,2,40,1024)
r(5,80479,2,41,1025)
r(1,80488,2,41,1026)
r(1,80488,2,41,1027)
r(0,80483,2,41,1028)
r(1,80488,2,41,1029)
r(1,80488,2,41,1030)
r(15,20464,2,41,1031)
r(5,80479,2,41,1032)
r(15,20464,2,41,1033)
r(11,10419,2,41,1034)
r(7,60415,2,41,1035)
r(13,10383,2,41,1036)
r(6,60416,2,41,1037)
w(19,20508,2,41,1038)
w(10,20509,2,41,1039)
w(0,20510,2,41,1040)
w(3,20511,2,41,1041)
w(9,20512,2,41,1042)
w(0,20513,2,41,1043)
w(15,20514,2,41,1044)
w(14,20515,2,41,1045)
w(1,20516,2,41,1046)
w(0,20517,2,41,1047)
w(4,20518,2,41,1048)
w(4,20519,2,41,1049)
r(1,20516,2,43,1075)
r(3,20511,2,43,1076)
r(1,20516,2,43,1077)
r(3,20511,2,43,1078)
r(0,20517,2,43,1079)
r(4,20519,2,43,1080)
r(1,20516,2,43,1081)
r(6,80499,2,43,1082)
r(0,20517,2,43,1083)
r(1,20516,2,43,1084)
r(0,20517,2,43,1085)
r(8,80500,2,43,1086)
r(0,20517,2,43,1087)
r(1,20516,2,43,1088)
r(2,80512,2,43,1089)
r(1,20516,2,43,1090)
r(0,20517,2,43,1091)
r(1,20516,2,43,1092)
r(0,20517,2,43,1093)
r(2,80512,2,43,1094)
r(0,20517,2,43,1095)
r(2,80512,2,43,1096)
r(0,20517,2,43,1097)
r(13,10383,2,43,1098)
r(10,20509,2,43,1099)
r(1,70495,2,44,1100)
r(0,70497,2,44,1101)
r(0,70497,2,44,1102)
r(0,70497,2,44,1103)
r(11,10419,2,44,1104)
r(0,70497,2,44,1105)
r(1,70495,2,44,1106)
r(16,90515,2,44,1107)
r(1,70495,2,44,1108)
r(0,70497,2,44,1109)
r(15,70501,2,44,1110)
r(0,70497,2,44,1111)
r(2,70482,2,44,1112)
r(8,70492,2,44,1113)
w(17,20530,2,44,1114)
w(0,20531,2,44,1115)
w(5,20532,2,44,1116)
w(9,20533,2,44,1117)
w(6,20534,2,44,1118)
w(8,20535,2,44,1119)
w(1,20536,2,44,1120)
w(0,20537,2,44,1121)
w(1,20538,2,44,1122)
w(12,20539,2,44,1123)
w(5,20540,2,44,1124)
r(0,664,2,51,1275)
r(0,664,2,51,1276)
r(9,80608,2,51,1277)
r(17,30585,2,51,1278)
r(7,662,2,51,1279)
r(7,662,2,51,1280)
r(16,30565,2,51,1281)
r(5,30587,2,51,1282)
r(3,654,2,51,1283)
r(3,654,2,51,1284)
r(4,658,2,51,1285)
r(1,663,2,51,1286)
r(1,663,2,51,1287)
r(1,663,2,51,1288)
r(0,664,2,51,1289)
r(3,654,2,51,1290)
r(3,654,2,51,1291)
r(0,664,2,51,1292)
r(1,663,2,51,1293)
r(0,664,2,51,1294)
r(6,30569,2,51,1295)
r(0,664,2,51,1296)
r(1,663,2,51,1297)
r(5,30587,2,51,1298)
r(17,30585,2,51,1299)
r(4,658,2,53,1325)
r(4,658,2,53,1326)
r(1,70597,2,53,1327)
r(1,70597,2,53,1328)
r(0,70598,2,53,1329)
r(4,658,2,53,1330)
r(1,70597,2,53,1331)
r(2,70596,2,53,1332)
r(8,40550,2,53,1333)
r(8,40550,2,53,1334)
r(3,654,2,53,1335)
r(15,90650,2,53,1336)
r(0,70598,2,53,1337)
r(3,654,2,53,1338)
r(6,30569,2,53,1339)
r(1,70597,2,53,1340)
r(0,70598,2,53,1341)
r(0,70598,2,53,1342)
r(9,70591,2,53,1343)
r(10,70592,2,53,1344)
r(13,653,2,53,1345)
r(8,40550,2,53,1346)
r(0,70598,2,53,1347)
r(6,30569,2,53,1348)
r(0,70598,2,53,1349)
r(0,70612,2,54,1350)
r(5,70590,2,54,1351)
r(11,70620,2,54,1352)
r(1,70618,2,54,1353)
r(5,70590,2,54,1354)
r(1,70618,2,54,1355)
r(13,653,2,54,1356)
r(2,70596,2,54,1357)
r(0,70612,2,54,1358)
r(0,70612,2,54,1359)
r(0,70612,2,54,1360)
r(1,70618,2,54,1361)
r(2,70596,2,54,1362)
r(0,70612,2,54,1363)
r(16,30565,2,54,1364)
r(4,70614,2,54,1365)
r(0,70612,2,54,1366)
r(5,70590,2,54,1367)
r(14,80601,2,54,1368)
r(0,70612,2,54,1369)
r(3,654,2,54,1370)
r(19,70617,2,54,1371)
r(3,654,2,54,1372)
r(2,70596,2,54,1373)
r(1,70618,2,54,1374)
r(5,50556,2,56,1400)
r(1,40591,2,56,1401)
r(2,50564,2,56,1402)
r(6,40593,2,56,1403)
r(5,50556,2,56,1404)
r(1,40591,2,56,1405)
r(4,40589,2,56,1406)
r(0,40592,2,56,1407)
r(0,40592,2,56,1408)
r(0,40592,2,56,1409)
r(0,40592,2,56,1410)
r(0,40592,2,56,1411)
w(18,20681,2,56,1412)
w(18,20682,2,56,1413)
w(0,20683,2,56,1414)
w(0,20684,2,56,1415)
w(6,20685,2,56,1416)
w(0,20686,2,56,1417)
w(0,20687,2,56,1418)
w(15,20688,2,56,1419)
w(2,20689,2,56,1420)
w(0,20690,2,56,1421)
w(2,20691,2,56,1422)
w(1,20692,2,56,1423)
w(3,20693,2,56,1424)
r(11,70620,2,60,1500)
r(0,10646,2,60,1501)
r(1,10649,2,60,1502)
r(0,10646,2,60,1503)
r(0,10646,2,60,1504)
r(0,10646,2,60,1505)
r(0,10646,2,60,1506)
r(0,10646,2,60,1507)
r(4,10647,2,60,1508)
r(14,80685,2,60,1509)
r(13,10644,2,60,1510)
r(13,10644,2,60,1511)
r(1,10649,2,60,1512)
r(0,10646,2,60,1513)
r(3,80698,2,60,1514)
r(1,10649,2,60,1515)
w(2,20736,2,60,1516)
w(2,20737,2,60,1517)
w(1,20738,2,60,1518)
w(1,20739,2,60,1519)
w(5,20740,2,60,1520)
w(2,20741,2,60,1521)
w(0,20742,2,60,1522)
w(0,20743,2,60,1523)
w(1,20744,2,60,1524)
r(1,80733,2,62,1550)
r(4,10647,2,62,1551)
r(18,766,2,62,1552)
r(1,80733,2,62,1553)
r(0,80732,2,62,1554)
r(10,80729,2,62,1555)
r(14,80685,2,62,1556)
r(0,80732,2,62,1557)
r(3,80734,2,62,1558)
r(1,80733,2,62,1559)
r(2,20741,2,62,1560)
r(18,766,2,62,1561)
r(1,80733,2,62,1562)
r(2,20741,2,62,1563)
r(4,10647,2,62,1564)
r(1,80733,2,62,1565)
r(5,20740,2,62,1566)
r(5,20740,2,62,1567)
r(17,50560,2,62,1568)
r(8,80661,2,62,1569)
r(0,80732,2,62,1570)
r(0,80732,2,62,1571)
r(5,20740,2,62,1572)
r(2,20741,2,62,1573)
r(7,80735,2,62,1574)
w(6,20843,2,68,1700)
w(0,20844,2,68,1701)
w(2,20845,2,68,1702)
w(14,20846,2,68,1703)
w(11,20847,2,68,1704)
w(3,20848,2,68,1705)
w(0,20849,2,68,1706)
w(0,20850,2,68,1707)
w(15,20851,2,68,1708)
w(1,20852,2,68,1709)
w(17,20853,2,68,1710)
w(6,20854,2,68,1711)
w(3,20855,2,68,1712)
w(8,20856,2,68,1713)
w(0,20857,2,68,1714)
w(17,20858,2,68,1715)
w(10,20859,2,68,1716)
w(1,20860,2,68,1717)
w(3,20861,2,68,1718)
w(18,20862,2,68,1719)
w(9,20863,2,68,1720)
w(16,20864,2,68,1721)
w(6,20865,2,68,1722)
w(4,20866,2,68,1723)
w(18,20867,2,68,1724)
r(0,90905,2,74,1850)
r(5,910,2,74,1851)
r(3,60782,2,74,1852)
r(5,910,2,74,1853)
r(3,60782,2,74,1854)
r(19,904,2,74,1855)
r(0,90905,2,74,1856)
r(15,80877,2,74,1857)
r(6,60781,2,74,1858)
r(4,60796,2,74,1859)
r(18,80881,2,74,1860)
r(16,80886,2,74,1861)
r(0,90905,2,74,1862)
r(5,910,2,74,1863)
r(13,60783,2,74,1864)
w(2,20943,2,74,1865)
w(2,20944,2,74,1866)
w(0,20945,2,74,1867)
w(8,20946,2,74,1868)
w(3,20947,2,74,1869)
w(9,20948,2,74,1870)
w(19,20949,2,74,1871)
w(5,20950,2,74,1872)
w(15,20951,2,74,1873)
w(0,20952,2,74,1874)
r(4,10828,2,76,1900)
r(0,10832,2,76,1901)
r(4,10828,2,76,1902)
r(1,10825,2,76,1903)
r(0,10832,2,76,1904)
r(6,10812,2,76,1905)
r(3,10831,2,76,1906)
r(1,10825,2,76,1907)
r(15,20951,2,76,1908)
r(1,10825,2,76,1909)
r(1,10825,2,76,1910)
r(0,10832,2,76,1911)
w(0,20978,2,76,1912)
w(0,20979,2,76,1913)
w(1,20980,2,76,1914)
w(14,20981,2,76,1915)
w(11,20982,2,76,1916)
w(0,20983,2,76,1917)
w(0,20984,2,76,1918)
w(7,20985,2,76,1919)
w(1,20986,2,76,1920)
w(0,20987,2,76,1921)
w(1,20988,2,76,1922)
w(10,20989,2,76,1923)
w(3,20990,2,76,1924)
r(18,30899,2,77,1925)
r(0,20987,2,77,1926)
r(5,30905,2,77,1927)
r(1,20988,2,77,1928)
r(4,10828,2,77,1929)
r(0,20987,2,77,1930)
r(10,20989,2,77,1931)
r(0,20987,2,77,1932)
r(0,20987,2,77,1933)
r(0,20987,2,77,1934)
r(9,10819,2,77,1935)
w(0,20991,2,77,1936)
w(2,20992,2,77,1937)
w(11,20993,2,77,1938)
w(7,20994,2,77,1939)
w(18,20995,2,77,1940)
w(15,20996,2,77,1941)
w(0,20997,2,77,1942)
w(8,20998,2,77,1943)
w(2,20999,2,77,1944)
w(4,21000,2,77,1945)
w(0,21001,2,77,1946)
w(4,21002,2,77,1947)
w(1,21003,2,77,1948)
w(1,21004,2,77,1949)
r(5,1084,2,83,2075)
r(4,1078,2,83,2076)
r(1,1083,2,83,2077)
r(3,1075,2,83,2078)
r(2,1072,2,83,2079)
r(0,1088,2,83,2080)
r(7,50895,2,83,2081)
r(10,81039,2,83,2082)
r(1,1083,2,83,2083)
r(6,60983,2,83,2084)
r(7,50895,2,83,2085)
w(12,21081,2,83,2086)
w(6,21082,2,83,2087)
w(13,21083,2,83,2088)
w(6,21084,2,83,2089)
w(8,21085,2,83,2090)
w(7,21086,2,83,2091)
w(2,21087,2,83,2092)
w(4,21088,2,83,2093)
w(1,21089,2,83,2094)
w(0,21090,2,83,2095)
w(7,21091,2,83,2096)
w(0,21092,2,83,2097)
w(1,21093,2,83,2098)
w(0,21094,2,83,2099)
r(2,21087,2,84,2100)
r(17,50877,2,84,2101)
r(5,1084,2,84,2102)
r(10,81039,2,84,2103)
r(2,21087,2,84,2104)
r(4,21088,2,84,2105)
r(11,1081,2,84,2106)
r(1,21093,2,84,2107)
r(0,21094,2,84,2108)
r(10,81039,2,84,2109)
r(0,21094,2,84,2110)
r(0,21094,2,84,2111)
r(1,21093,2,84,2112)
r(7,21091,2,84,2113)
r(10,81039,2,84,2114)
r(19,60975,2,84,2115)
r(0,21094,2,84,2116)
r(0,21094,2,84,2117)
r(0,21094,2,84,2118)
r(0,21094,2,84,2119)
r(4,21088,2,84,2120)
r(0,21094,2,84,2121)
r(5,1084,2,84,2122)
r(7,21091,2,84,2123)
r(0,21094,2,84,2124)
r(0,31073,2,89,2225)
r(3,31071,2,89,2226)
r(0,31073,2,89,2227)
r(2,31064,2,89,2228)
r(8,40953,2,89,2229)
r(0,31073,2,89,2230)
r(5,31065,2,89,2231)
r(1,31074,2,89,2232)
r(4,31069,2,89,2233)
r(6,31063,2,89,2234)
r(1,31074,2,89,2235)
r(0,31073,2,89,2236)
r(0,31073,2,89,2237)
r(1,31074,2,89,2238)
r(9,40945,2,89,2239)
r(0,31073,2,89,2240)
r(8,40953,2,89,2241)
r(1,31074,2,89,2242)
r(2,31064,2,89,2243)
r(9,40945,2,89,2244)
r(1,31074,2,89,2245)
r(7,31066,2,89,2246)
r(8,40953,2,89,2247)
r(6,31063,2,89,2248)
r(2,31064,2,89,2249)
r(0,31073,2,90,2250)
r(1,31074,2,90,2251)
r(12,31051,2,90,2252)
r(9,40945,2,90,2253)
r(12,31051,2,90,2254)
r(5,31065,2,90,2255)
r(0,31073,2,90,2256)
r(1,31074,2,90,2257)
r(16,31068,2,90,2258)
r(2,31064,2,90,2259)
r(1,31074,2,90,2260)
r(0,31073,2,90,2261)
r(0,31073,2,90,2262)
r(16,31068,2,90,2263)
r(8,40953,2,90,2264)
r(3,31071,2,90,2265)
r(18,61029,2,90,2266)
r(3,31071,2,90,2267)
r(0,31073,2,90,2268)
r(1,31074,2,90,2269)
r(1,31074,2,90,2270)
r(0,31073,2,90,2271)
r(0,31073,2,90,2272)
r(2,31064,2,90,2273)
r(13,31057,2,90,2274)
r(10,41041,2,93,2325)
r(19,81207,2,93,2326)
r(7,81193,2,93,2327)
r(6,41036,2,93,2328)
r(0,41037,2,93,2329)
r(10,41041,2,93,2330)
r(6,41036,2,93,2331)
r(12,51020,2,93,2332)
r(0,41037,2,93,2333)
r(6,41036,2,93,2334)
w(8,21195,2,93,2335)
w(9,21196,2,93,2336)
w(18,21197,2,93,2337)
w(11,21198,2,93,2338)
w(3,21199,2,93,2339)
w(3,21200,2,93,2340)
w(0,21201,2,93,2341)
w(12,21202,2,93,2342)
w(3,21203,2,93,2343)
w(4,21204,2,93,2344)
w(2,21205,2,93,2345)
w(2,21206,2,93,2346)
w(0,21207,2,93,2347)
w(0,21208,2,93,2348)
w(19,21209,2,93,2349)
r(3,11096,2,99,2475)
r(3,11096,2,99,2476)
r(0,11099,2,99,2477)
r(4,11095,2,99,2478)
r(1,11100,2,99,2479)
r(15,61192,2,99,2480)
r(0,11099,2,99,2481)
r(0,11099,2,99,2482)
r(0,11099,2,99,2483)
r(0,11099,2,99,2484)
r(7,11101,2,99,2485)
r(16,71065,2,99,2486)
r(12,61190,2,99,2487)
r(18,41099,2,99,2488)
r(3,11096,2,99,2489)
r(0,11099,2,99,2490)
r(0,11099,2,99,2491)
r(12,61190,2,99,2492)
r(1,11100,2,99,2493)
r(0,11099,2,99,2494)
r(0,11099,2,99,2495)
r(0,11099,2,99,2496)
r(6,61179,2,99,2497)
r(0,11099,2,99,2498)
r(0,11099,2,99,2499)
r(12,61190,2,100,2500)
r(0,11099,2,100,2501)
r(0,11099,2,100,2502)
r(0,11099,2,100,2503)
r(12,61190,2,100,2504)
r(1,11100,2,100,2505)
r(9,11098,2,100,2506)
r(0,11099,2,100,2507)
r(0,11099,2,100,2508)
r(0,11099,2,100,2509)
r(1,11100,2,100,2510)
r(2,11088,2,100,2511)
r(16,71065,2,100,2512)
r(4,11095,2,100,2513)
r(4,11095,2,100,2514)
r(7,11101,2,100,2515)
r(0,11099,2,100,2516)
r(3,11096,2,100,2517)
r(0,11099,2,100,2518)
r(1,11100,2,100,2519)
r(6,61179,2,100,2520)
r(1,11100,2,100,2521)
r(0,11099,2,100,2522)
r(7,11101,2,100,2523)
r(1,11100,2,100,2524)
r(11,21198,2,101,2525)
r(0,11099,2,101,2526)
r(4,11095,2,101,2527)
r(2,11088,2,101,2528)
r(0,11099,2,101,2529)
r(6,61179,2,101,2530)
r(1,11100,2,101,2531)
r(1,11100,2,101,2532)
r(14,11068,2,101,2533)
r(12,61190,2,101,2534)
r(0,11099,2,101,2535)
r(0,11099,2,101,2536)
r(9,11098,2,101,2537)
r(1,11100,2,101,2538)
r(4,11095,2,101,2539)
r(8,71056,2,101,2540)
r(0,11099,2,101,2541)
r(1,11100,2,101,2542)
r(0,11099,2,101,2543)
r(14,11068,2,101,2544)
r(1,11100,2,101,2545)
r(6,61179,2,101,2546)
r(2,11088,2,101,2547)
r(3,11096,2,101,2548)
r(1,11100,2,101,2549)
r(4,11095,2,102,2550)
r(0,11099,2,102,2551)
r(4,11095,2,102,2552)
r(11,21198,2,102,2553)
r(2,11088,2,102,2554)
r(12,61190,2,102,2555)
r(12,61190,2,102,2556)
r(6,61179,2,102,2557)
r(3,11096,2,102,2558)
r(1,11100,2,102,2559)
r(14,11068,2,102,2560)
r(0,11099,2,102,2561)
r(7,11101,2,102,2562)
r(8,71056,2,102,2563)
r(0,11099,2,102,2564)
r(2,11088,2,102,2565)
r(7,11101,2,102,2566)
r(15,61192,2,102,2567)
r(6,61179,2,102,2568)
r(5,51088,2,102,2569)
r(17,51093,2,102,2570)
r(0,11099,2,102,2571)
r(0,11099,2,102,2572)
r(0,11099,2,102,2573)
r(0,11099,2,102,2574)
r(3,11096,2,103,2575)
r(4,11095,2,103,2576)
r(1,11100,2,103,2577)
r(0,11099,2,103,2578)
r(4,11095,2,103,2579)
r(0,11099,2,103,2580)
r(1,11100,2,103,2581)
r(2,11088,2,103,2582)
r(1,11100,2,103,2583)
w(1,21278,2,103,2584)
w(1,21279,2,103,2585)
w(8,21280,2,103,2586)
w(12,21281,2,103,2587)
w(1,21282,2,103,2588)
w(1,21283,2,103,2589)
w(14,21284,2,103,2590)
w(7,21285,2,103,2591)
w(0,21286,2,103,2592)
w(8,21287,2,103,2593)
w(2,21288,2,103,2594)
w(3,21289,2,103,2595)
w(10,21290,2,103,2596)
w(0,21291,2,103,2597)
w(1,21292,2,103,2598)
w(0,21293,2,103,2599)
r(4,51148,2,105,2625)
r(6,31206,2,105,2626)
r(1,51151,2,105,2627)
r(3,31208,2,105,2628)
r(2,51153,2,105,2629)
r(7,51146,2,105,2630)
r(1,51151,2,105,2631)
r(3,31208,2,105,2632)
r(1,51151,2,105,2633)
r(0,51152,2,105,2634)
r(15,61192,2,105,2635)
w(0,21306,2,105,2636)
w(0,21307,2,105,2637)
w(19,21308,2,105,2638)
w(0,21309,2,105,2639)
w(18,21310,2,105,2640)
w(18,21311,2,105,2641)
w(12,21312,2,105,2642)
w(0,21313,2,105,2643)
w(0,21314,2,105,2644)
w(0,21315,2,105,2645)
w(0,21316,2,105,2646)
w(0,21317,2,105,2647)
w(3,21318,2,105,2648)
w(0,21319,2,105,2649)
r(4,51148,2,106,2650)
r(5,71129,2,106,2651)
r(6,31206,2,106,2652)
r(0,21319,2,106,2653)
r(6,31206,2,106,2654)
r(0,21319,2,106,2655)
r(16,51136,2,106,2656)
r(9,31210,2,106,2657)
r(1,51151,2,106,2658)
r(9,31210,2,106,2659)
r(12,21312,2,106,2660)
r(1,51151,2,106,2661)
r(2,51153,2,106,2662)
r(5,71129,2,106,2663)
r(4,51148,2,106,2664)
r(1,51151,2,106,2665)
r(6,31206,2,106,2666)
r(10,51150,2,106,2667)
r(0,21319,2,106,2668)
r(1,51151,2,106,2669)
r(0,21319,2,106,2670)
r(1,51151,2,106,2671)
r(15,61192,2,106,2672)
r(3,21318,2,106,2673)
r(7,51146,2,106,2674)
r(5,71129,2,107,2675)
r(7,51146,2,107,2676)
r(2,41187,2,107,2677)
r(9,31210,2,107,2678)
r(3,21318,2,107,2679)
r(8,41190,2,107,2680)
r(1,51151,2,107,2681)
r(12,21312,2,107,2682)
r(2,41187,2,107,2683)
r(0,41189,2,107,2684)
r(0,41189,2,107,2685)
r(1,51151,2,107,2686)
r(5,71129,2,107,2687)
r(0,41189,2,107,2688)
r(18,41181,2,107,2689)
r(0,41189,2,107,2690)
r(1,51151,2,107,2691)
r(6,41185,2,107,2692)
r(5,71129,2,107,2693)
r(15,41179,2,107,2694)
r(2,41187,2,107,2695)
r(0,41189,2,107,2696)
r(6,41185,2,107,2697)
r(11,21198,2,107,2698)
r(12,21312,2,107,2699)
r(0,41189,2,108,2700)
r(7,51146,2,108,2701)
r(5,71129,2,108,2702)
r(3,21318,2,108,2703)
r(5,71129,2,108,2704)
r(2,41187,2,108,2705)
r(1,51151,2,108,2706)
r(11,21198,2,108,2707)
r(19,21308,2,108,2708)
r(1,51151,2,108,2709)
r(5,71129,2,108,2710)
r(19,21308,2,108,2711)
r(2,41187,2,108,2712)
r(3,21318,2,108,2713)
r(2,41187,2,108,2714)
r(9,31210,2,108,2715)
r(1,51151,2,108,2716)
r(0,41189,2,108,2717)
r(1,51151,2,108,2718)
r(0,41189,2,108,2719)
r(11,21198,2,108,2720)
r(5,71129,2,108,2721)
r(6,41185,2,108,2722)
r(9,31210,2,108,2723)
r(15,41179,2,108,2724)
r(1,1324,2,109,2725)
r(2,1327,2,109,2726)
r(5,1310,2,109,2727)
r(2,1327,2,109,2728)
r(8,41190,2,109,2729)
r(13,31209,2,109,2730)
r(18,1304,2,109,2731)
r(4,1325,2,109,2732)
r(1,1324,2,109,2733)
r(9,1303,2,109,2734)
r(0,1326,2,109,2735)
r(13,31209,2,109,2736)
r(0,1326,2,109,2737)
r(1,1324,2,109,2738)
r(2,1327,2,109,2739)
r(16,51136,2,109,2740)
r(8,41190,2,109,2741)
r(6,41185,2,109,2742)
r(7,1311,2,109,2743)
r(8,41190,2,109,2744)
r(11,21198,2,109,2745)
r(1,1324,2,109,2746)
r(3,1323,2,109,2747)
r(5,1310,2,109,2748)
r(0,1326,2,109,2749)
r(3,51209,2,113,2825)
r(0,51216,2,113,2826)
r(15,51184,2,113,2827)
r(2,51202,2,113,2828)
r(1,51212,2,113,2829)
r(2,51202,2,113,2830)
r(18,51208,2,113,2831)
r(0,51216,2,113,2832)
r(1,51212,2,113,2833)
r(0,51216,2,113,2834)
r(0,51216,2,113,2835)
r(0,51216,2,113,2836)
r(0,51216,2,113,2837)
r(1,51212,2,113,2838)
r(7,91395,2,113,2839)
r(0,51216,2,113,2840)
r(18,51208,2,113,2841)
r(0,51216,2,113,2842)
r(3,51209,2,113,2843)
r(1,51212,2,113,2844)
r(0,51216,2,113,2845)
r(0,51216,2,113,2846)
r(0,51216,2,113,2847)
r(0,51216,2,113,2848)
r(0,51216,2,113,2849)
r(7,41263,2,115,2875)
r(0,31320,2,115,2876)
r(11,41260,2,115,2877)
r(2,31317,2,115,2878)
r(2,31317,2,115,2879)
r(0,31320,2,115,2880)
r(2,31317,2,115,2881)
r(11,41260,2,115,2882)
r(2,31317,2,115,2883)
r(0,31320,2,115,2884)
r(2,31317,2,115,2885)
r(9,41259,2,115,2886)
r(5,31314,2,115,2887)
r(5,31314,2,115,2888)
r(5,31314,2,115,2889)
r(4,31310,2,115,2890)
r(17,1382,2,115,2891)
r(5,31314,2,115,2892)
r(0,31320,2,115,2893)
r(4,31310,2,115,2894)
r(0,31320,2,115,2895)
r(0,31320,2,115,2896)
r(1,31311,2,115,2897)
r(4,31310,2,115,2898)
r(0,31320,2,115,2899)
r(0,91572,2,123,3075)
r(0,91572,2,123,3076)
r(2,81512,2,123,3077)
r(5,91573,2,123,3078)
r(5,91573,2,123,3079)
r(5,91573,2,123,3080)
r(8,91553,2,123,3081)
r(2,81512,2,123,3082)
r(2,81512,2,123,3083)
r(0,91572,2,123,3084)
r(15,71337,2,123,3085)
r(1,61502,2,123,3086)
r(0,91572,2,123,3087)
r(0,91572,2,123,3088)
r(1,61502,2,123,3089)
r(0,91572,2,123,3090)
r(14,51328,2,123,3091)
w(0,21505,2,123,3092)
w(0,21506,2,123,3093)
w(0,21507,2,123,3094)
w(0,21508,2,123,3095)
w(0,21509,2,123,3096)
w(9,21510,2,123,3097)
w(9,21511,2,123,3098)
w(6,21512,2,123,3099)
w(8,21525,2,125,3125)
w(2,21526,2,125,3126)
w(17,21527,2,125,3127)
w(17,21528,2,125,3128)
w(0,21529,2,125,3129)
w(3,21530,2,125,3130)
w(6,21531,2,125,3131)
w(10,21532,2,125,3132)
w(0,21533,2,125,3133)
w(11,21534,2,125,3134)
w(0,21535,2,125,3135)
w(16,21536,2,125,3136)
w(6,21537,2,125,3137)
w(9,21538,2,125,3138)
w(1,21539,2,125,3139)
w(2,21540,2,125,3140)
w(19,21541,2,125,3141)
w(1,21542,2,125,3142)
w(0,21543,2,125,3143)
w(6,21544,2,125,3144)
w(3,21545,2,125,3145)
w(8,21546,2,125,3146)
w(4,21547,2,125,3147)
w(0,21548,2,125,3148)
w(1,21549,2,125,3149)
r(0,21548,2,126,3150)
r(3,21545,2,126,3151)
r(15,91596,2,126,3152)
r(5,51386,2,126,3153)
r(0,21548,2,126,3154)
r(2,21540,2,126,3155)
r(0,21548,2,126,3156)
r(1,21549,2,126,3157)
r(0,21548,2,126,3158)
r(17,21528,2,126,3159)
r(0,21548,2,126,3160)
r(0,21548,2,126,3161)
r(5,51386,2,126,3162)
r(0,21548,2,126,3163)
r(13,91569,2,126,3164)
r(5,51386,2,126,3165)
r(0,21548,2,126,3166)
r(11,21534,2,126,3167)
r(12,31463,2,126,3168)
r(10,21532,2,126,3169)
r(0,21548,2,126,3170)
r(2,21540,2,126,3171)
r(2,21540,2,126,3172)
r(0,21548,2,126,3173)
r(0,21548,2,126,3174)
r(10,71500,2,132,3300)
r(16,11409,2,132,3301)
r(1,11405,2,132,3302)
r(0,11404,2,132,3303)
r(4,51471,2,132,3304)
r(18,1536,2,132,3305)
r(0,11404,2,132,3306)
r(0,11404,2,132,3307)
r(16,11409,2,132,3308)
r(2,11407,2,132,3309)
w(1,21637,2,132,3310)
w(9,21638,2,132,3311)
w(0,21639,2,132,3312)
w(6,21640,2,132,3313)
w(3,21641,2,132,3314)
w(2,21642,2,132,3315)
w(1,21643,2,132,3316)
w(5,21644,2,132,3317)
w(0,21645,2,132,3318)
w(15,21646,2,132,3319)
w(1,21647,2,132,3320)
w(18,21648,2,132,3321)
w(0,21649,2,132,3322)
w(9,21650,2,132,3323)
w(8,21651,2,132,3324)
r(1,31560,2,134,3350)
r(0,31568,2,134,3351)
r(1,31560,2,134,3352)
r(1,31560,2,134,3353)
r(0,31568,2,134,3354)
r(4,61627,2,134,3355)
r(2,31557,2,134,3356)
r(6,31565,2,134,3357)
r(4,61627,2,134,3358)
r(2,31557,2,134,3359)
r(17,61634,2,134,3360)
r(1,31560,2,134,3361)
r(4,61627,2,134,3362)
w(5,21677,2,134,3363)
w(2,21678,2,134,3364)
w(18,21679,2,134,3365)
w(3,21680,2,134,3366)
w(1,21681,2,134,3367)
w(1,21682,2,134,3368)
w(9,21683,2,134,3369)
w(1,21684,2,134,3370)
w(2,21685,2,134,3371)
w(12,21686,2,134,3372)
w(13,21687,2,134,3373)
w(0,21688,2,134,3374)
r(0,21688,2,135,3375)
r(0,21688,2,135,3376)
r(4,61627,2,135,3377)
r(7,81629,2,135,3378)
r(0,21688,2,135,3379)
r(0,21688,2,135,3380)
r(0,21688,2,135,3381)
r(0,21688,2,135,3382)
r(1,21684,2,135,3383)
r(17,61634,2,135,3384)
r(0,21688,2,135,3385)
r(7,81629,2,135,3386)
r(6,31565,2,135,3387)
r(0,21688,2,135,3388)
r(10,31562,2,135,3389)
r(1,21684,2,135,3390)
r(0,21688,2,135,3391)
r(0,21688,2,135,3392)
r(6,31565,2,135,3393)
r(9,21683,2,135,3394)
r(12,21686,2,135,3395)
r(4,61627,2,135,3396)
r(8,21651,2,135,3397)
r(1,21684,2,135,3398)
r(0,21688,2,135,3399)
r(1,41637,2,137,3425)
r(3,41639,2,137,3426)
r(4,41636,2,137,3427)
r(1,41637,2,137,3428)
r(0,41635,2,137,3429)
r(1,41637,2,137,3430)
r(3,41639,2,137,3431)
r(3,41639,2,137,3432)
r(14,81630,2,137,3433)
r(1,41637,2,137,3434)
r(0,41635,2,137,3435)
r(2,41638,2,137,3436)
r(0,41635,2,137,3437)
r(0,41635,2,137,3438)
r(3,41639,2,137,3439)
r(4,41636,2,137,3440)
r(9,21683,2,137,3441)
r(7,81629,2,137,3442)
r(13,21687,2,137,3443)
r(0,41635,2,137,3444)
r(0,41635,2,137,3445)
r(1,41637,2,137,3446)
r(18,21679,2,137,3447)
r(8,41633,2,137,3448)
r(0,41635,2,137,3449)
r(5,41632,2,138,3450)
r(1,41637,2,138,3451)
r(11,61629,2,138,3452)
r(12,21686,2,138,3453)
r(3,41639,2,138,3454)
r(0,41635,2,138,3455)
r(0,41635,2,138,3456)
r(0,41635,2,138,3457)
r(0,41635,2,138,3458)
r(6,41630,2,138,3459)
r(1,41637,2,138,3460)
r(2,41638,2,138,3461)
r(1,41637,2,138,3462)
r(0,41635,2,138,3463)
r(6,41630,2,138,3464)
r(7,81629,2,138,3465)
r(1,41637,2,138,3466)
r(3,41639,2,138,3467)
r(19,31563,2,138,3468)
r(0,41635,2,138,3469)
r(17,61634,2,138,3470)
r(2,41638,2,138,3471)
r(0,41635,2,138,3472)
r(4,41636,2,138,3473)
r(2,41638,2,138,3474)
r(2,41638,2,139,3475)
r(18,21679,2,139,3476)
r(0,41635,2,139,3477)
r(0,41635,2,139,3478)
r(1,41637,2,139,3479)
r(1,41637,2,139,3480)
r(17,61634,2,139,3481)
r(4,41636,2,139,3482)
r(12,21686,2,139,3483)
r(2,41638,2,139,3484)
r(3,41639,2,139,3485)
r(2,41638,2,139,3486)
w(18,21703,2,139,3487)
w(2,21704,2,139,3488)
w(7,21705,2,139,3489)
w(11,21706,2,139,3490)
w(6,21707,2,139,3491)
w(0,21708,2,139,3492)
w(12,21709,2,139,3493)
w(0,21710,2,139,3494)
w(3,21711,2,139,3495)
w(14,21712,2,139,3496)
w(8,21713,2,139,3497)
w(0,21714,2,139,3498)
w(7,21715,2,139,3499)
w(0,21716,2,140,3500)
w(0,21717,2,140,3501)
w(4,21718,2,140,3502)
w(14,21719,2,140,3503)
w(6,21720,2,140,3504)
w(0,21721,2,140,3505)
w(12,21722,2,140,3506)
w(7,21723,2,140,3507)
w(1,21724,2,140,3508)
w(5,21725,2,140,3509)
w(1,21726,2,140,3510)
w(13,21727,2,140,3511)
w(1,21728,2,140,3512)
w(14,21729,2,140,3513)
w(0,21730,2,140,3514)
w(2,21731,2,140,3515)
w(17,21732,2,140,3516)
w(11,21733,2,140,3517)
w(7,21734,2,140,3518)
w(1,21735,2,140,3519)
w(0,21736,2,140,3520)
w(12,21737,2,140,3521)
w(0,21738,2,140,3522)
w(7,21739,2,140,3523)
w(4,21740,2,140,3524)
r(11,21733,2,141,3525)
r(1,21735,2,141,3526)
r(0,21738,2,141,3527)
r(3,21711,2,141,3528)
r(5,21725,2,141,3529)
r(3,21711,2,141,3530)
r(5,21725,2,141,3531)
r(1,21735,2,141,3532)
r(2,21731,2,141,3533)
r(9,21683,2,141,3534)
r(1,21735,2,141,3535)
r(8,21713,2,141,3536)
r(18,21703,2,141,3537)
r(0,21738,2,141,3538)
r(8,21713,2,141,3539)
r(0,21738,2,141,3540)
r(0,21738,2,141,3541)
r(1,21735,2,141,3542)
r(6,21720,2,141,3543)
r(2,21731,2,141,3544)
r(0,21738,2,141,3545)
r(3,21711,2,141,3546)
r(15,31570,2,141,3547)
r(2,21731,2,141,3548)
r(0,21738,2,141,3549)
r(16,61709,2,144,3600)
r(5,61712,2,144,3601)
r(0,61711,2,144,3602)
r(5,61712,2,144,3603)
r(13,41692,2,144,3604)
r(3,61710,2,144,3605)
r(0,61711,2,144,3606)
r(4,41684,2,144,3607)
r(0,61711,2,144,3608)
r(3,61710,2,144,3609)
r(15,31570,2,144,3610)
r(10,31562,2,144,3611)
r(4,41684,2,144,3612)
r(5,61712,2,144,3613)
r(10,31562,2,144,3614)
r(2,41686,2,144,3615)
r(17,61704,2,144,3616)
r(1,41675,2,144,3617)
r(0,61711,2,144,3618)
r(7,41682,2,144,3619)
r(11,41689,2,144,3620)
r(18,21703,2,144,3621)
r(0,61711,2,144,3622)
r(4,41684,2,144,3623)
r(2,41686,2,144,3624)
w(10,21826,2,149,3725)
w(1,21827,2,149,3726)
w(6,21828,2,149,3727)
w(12,21829,2,149,3728)
w(19,21830,2,149,3729)
w(17,21831,2,149,3730)
w(0,21832,2,149,3731)
w(0,21833,2,149,3732)
w(0,21834,2,149,3733)
w(0,21835,2,149,3734)
w(0,21836,2,149,3735)
w(8,21837,2,149,3736)
w(16,21838,2,149,3737)
w(0,21839,2,149,3738)
w(0,21840,2,149,3739)
w(2,21841,2,149,3740)
w(0,21842,2,149,3741)
w(3,21843,2,149,3742)
w(7,21844,2,149,3743)
w(9,21845,2,149,3744)
w(18,21846,2,149,3745)
w(2,21847,2,149,3746)
w(2,21848,2,149,3747)
w(4,21849,2,149,3748)
w(4,21850,2,149,3749)
r(9,21845,2,150,3750)
r(0,21842,2,150,3751)
r(0,21842,2,150,3752)
r(0,21842,2,150,3753)
r(7,21844,2,150,3754)
r(0,21842,2,150,3755)
r(15,31690,2,150,3756)
r(5,81756,2,150,3757)
r(2,21848,2,150,3758)
r(0,21842,2,150,3759)
r(0,21842,2,150,3760)
r(0,21842,2,150,3761)
r(8,21837,2,150,3762)
r(0,21842,2,150,3763)
r(8,21837,2,150,3764)
r(7,21844,2,150,3765)
r(2,21848,2,150,3766)
r(0,21842,2,150,3767)
r(6,21828,2,150,3768)
r(0,21842,2,150,3769)
r(6,21828,2,150,3770)
r(0,21842,2,150,3771)
r(1,21827,2,150,3772)
r(0,21842,2,150,3773)
r(1,21827,2,150,3774)
r(0,61805,2,152,3800)
r(16,21838,2,152,3801)
r(1,61806,2,152,3802)
r(6,31725,2,152,3803)
r(17,21831,2,152,3804)
r(0,61805,2,152,3805)
r(13,31726,2,152,3806)
r(14,31737,2,152,3807)
r(0,61805,2,152,3808)
r(5,31734,2,152,3809)
r(4,61795,2,152,3810)
r(15,31690,2,152,3811)
r(0,61805,2,152,3812)
r(0,61805,2,152,3813)
r(2,61797,2,152,3814)
r(0,61805,2,152,3815)
r(5,31734,2,152,3816)
r(3,61800,2,152,3817)
r(4,61795,2,152,3818)
r(4,61795,2,152,3819)
r(13,31726,2,152,3820)
r(1,61806,2,152,3821)
r(0,61805,2,152,3822)
r(0,61805,2,152,3823)
r(7,21844,2,152,3824)
r(16,11595,2,154,3850)
r(11,11600,2,154,3851)
r(15,51682,2,154,3852)
r(0,11606,2,154,3853)
r(4,51673,2,154,3854)
r(14,31737,2,154,3855)
r(1,11605,2,154,3856)
r(3,11604,2,154,3857)
r(1,11605,2,154,3858)
r(8,61803,2,154,3859)
r(3,11604,2,154,3860)
r(6,51684,2,154,3861)
r(2,51680,2,154,3862)
r(1,11605,2,154,3863)
r(19,51693,2,154,3864)
r(3,11604,2,154,3865)
r(1,11605,2,154,3866)
r(3,11604,2,154,3867)
r(6,51684,2,154,3868)
r(0,11606,2,154,3869)
r(17,21831,2,154,3870)
r(2,51680,2,154,3871)
r(1,11605,2,154,3872)
r(7,11596,2,154,3873)
r(3,11604,2,154,3874)
r(0,11606,2,155,3875)
r(0,11606,2,155,3876)
r(8,61803,2,155,3877)
r(6,51684,2,155,3878)
r(4,51673,2,155,3879)
r(7,11596,2,155,3880)
r(9,51694,2,155,3881)
r(2,51680,2,155,3882)
r(4,51673,2,155,3883)
r(13,31726,2,155,3884)
r(2,51680,2,155,3885)
r(8,61803,2,155,3886)
r(0,11606,2,155,3887)
r(13,31726,2,155,3888)
r(0,11606,2,155,3889)
r(0,11606,2,155,3890)
r(11,11600,2,155,3891)
r(19,51693,2,155,3892)
r(16,11595,2,155,3893)
r(1,11605,2,155,3894)
r(14,31737,2,155,3895)
r(3,11604,2,155,3896)
r(9,51694,2,155,3897)
r(1,11605,2,155,3898)
r(9,51694,2,155,3899)
r(9,51694,2,156,3900)
r(5,11603,2,156,3901)
r(13,61833,2,156,3902)
r(1,61842,2,156,3903)
r(0,61841,2,156,3904)
r(0,61841,2,156,3905)
r(2,61832,2,156,3906)
r(0,61841,2,156,3907)
r(2,61832,2,156,3908)
r(2,61832,2,156,3909)
r(3,11604,2,156,3910)
r(0,61841,2,156,3911)
r(0,61841,2,156,3912)
r(1,61842,2,156,3913)
r(2,61832,2,156,3914)
r(0,61841,2,156,3915)
r(0,61841,2,156,3916)
r(7,11596,2,156,3917)
r(2,61832,2,156,3918)
r(3,11604,2,156,3919)
r(1,61842,2,156,3920)
r(5,11603,2,156,3921)
r(16,11595,2,156,3922)
r(10,61836,2,156,3923)
r(1,61842,2,156,3924)
r(1,51747,2,159,3975)
r(7,51745,2,159,3976)
r(0,51746,2,159,3977)
r(13,41860,2,159,3978)
r(2,91943,2,159,3979)
r(0,51746,2,159,3980)
r(0,51746,2,159,3981)
r(3,11604,2,159,3982)
r(1,51747,2,159,3983)
r(1,51747,2,159,3984)
r(13,41860,2,159,3985)
r(0,51746,2,159,3986)
r(11,11600,2,159,3987)
r(8,11638,2,159,3988)
r(4,51739,2,159,3989)
r(1,51747,2,159,3990)
r(8,11638,2,159,3991)
r(1,51747,2,159,3992)
r(7,51745,2,159,3993)
r(5,51748,2,159,3994)
r(3,11604,2,159,3995)
r(18,71750,2,159,3996)
r(7,51745,2,159,3997)
r(2,91943,2,159,3998)
r(6,71755,2,159,3999)
r(0,51746,2,161,4025)
r(17,91937,2,161,4026)
r(6,71755,2,161,4027)
r(16,91942,2,161,4028)
r(11,11600,2,161,4029)
r(0,51746,2,161,4030)
r(3,11604,2,161,4031)
r(8,11638,2,161,4032)
r(2,91943,2,161,4033)
r(0,51746,2,161,4034)
r(0,51746,2,161,4035)
r(4,51739,2,161,4036)
r(0,51746,2,161,4037)
r(2,91943,2,161,4038)
r(8,11638,2,161,4039)
r(5,51748,2,161,4040)
r(8,11638,2,161,4041)
r(0,51746,2,161,4042)
r(2,91943,2,161,4043)
r(15,91947,2,161,4044)
r(2,91943,2,161,4045)
r(2,91943,2,161,4046)
r(15,91947,2,161,4047)
r(0,51746,2,161,4048)
r(1,51747,2,161,4049)
w(3,21939,2,163,4075)
w(3,21940,2,163,4076)
w(0,21941,2,163,4077)
w(2,21942,2,163,4078)
w(19,21943,2,163,4079)
w(4,21944,2,163,4080)
w(8,21945,2,163,4081)
w(0,21946,2,163,4082)
w(1,21947,2,163,4083)
w(0,21948,2,163,4084)
w(0,21949,2,163,4085)
w(4,21950,2,163,4086)
w(2,21951,2,163,4087)
w(0,21952,2,163,4088)
w(3,21953,2,163,4089)
w(16,21954,2,163,4090)
w(1,21955,2,163,4091)
w(0,21956,2,163,4092)
w(0,21957,2,163,4093)
w(0,21958,2,163,4094)
w(2,21959,2,163,4095)
w(16,21960,2,163,4096)
w(0,21961,2,163,4097)
w(1,21962,2,163,4098)
w(0,21963,2,163,4099)
r(16,81914,2,166,4150)
r(0,81916,2,166,4151)
r(6,81909,2,166,4152)
r(6,81909,2,166,4153)
r(4,81912,2,166,4154)
r(13,81911,2,166,4155)
r(15,41909,2,166,4156)
r(0,81916,2,166,4157)
r(1,81906,2,166,4158)
r(0,81916,2,166,4159)
r(1,81906,2,166,4160)
r(3,81915,2,166,4161)
r(2,81903,2,166,4162)
r(0,81916,2,166,4163)
w(2,21993,2,166,4164)
w(4,21994,2,166,4165)
w(1,21995,2,166,4166)
w(6,21996,2,166,4167)
w(4,21997,2,166,4168)
w(8,21998,2,166,4169)
w(19,21999,2,166,4170)
w(2,22000,2,166,4171)
w(15,22001,2,166,4172)
w(1,22002,2,166,4173)
w(5,22003,2,166,4174)
r(1,31881,2,170,4250)
r(6,21996,2,170,4251)
r(3,31882,2,170,4252)
r(5,31884,2,170,4253)
r(0,31883,2,170,4254)
r(8,11763,2,170,4255)
r(4,11762,2,170,4256)
r(1,31881,2,170,4257)
r(5,31884,2,170,4258)
r(0,31883,2,170,4259)
r(3,31882,2,170,4260)
r(0,31883,2,170,4261)
r(0,31883,2,170,4262)
r(1,31881,2,170,4263)
r(3,31882,2,170,4264)
r(9,92033,2,170,4265)
r(1,31881,2,170,4266)
r(2,92045,2,170,4267)
r(0,31883,2,170,4268)
r(1,31881,2,170,4269)
r(6,21996,2,170,4270)
r(0,31883,2,170,4271)
r(6,21996,2,170,4272)
r(0,31883,2,170,4273)
r(12,51786,2,170,4274)
r(1,2058,2,174,4350)
r(3,71951,2,174,4351)
r(2,62037,2,174,4352)
r(0,2057,2,174,4353)
r(7,2059,2,174,4354)
r(8,2060,2,174,4355)
r(8,2060,2,174,4356)
r(3,71951,2,174,4357)
r(0,2057,2,174,4358)
r(7,2059,2,174,4359)
r(1,2058,2,174,4360)
r(0,2057,2,174,4361)
r(14,62033,2,174,4362)
r(1,2058,2,174,4363)
r(3,71951,2,174,4364)
r(7,2059,2,174,4365)
r(0,2057,2,174,4366)
r(1,2058,2,174,4367)
r(0,2057,2,174,4368)
r(5,71952,2,174,4369)
r(8,2060,2,174,4370)
r(3,71951,2,174,4371)
r(1,2058,2,174,4372)
r(3,71951,2,174,4373)
r(0,2057,2,174,4374)
r(11,82095,2,180,4500)
r(9,62103,2,180,4501)
r(0,62114,2,180,4502)
r(1,82109,2,180,4503)
r(2,62110,2,180,4504)
r(0,62114,2,180,4505)
r(0,62114,2,180,4506)
r(1,82109,2,180,4507)
r(7,82112,2,180,4508)
r(10,62112,2,180,4509)
r(4,82098,2,180,4510)
r(0,62114,2,180,4511)
r(0,62114,2,180,4512)
r(1,82109,2,180,4513)
r(13,62115,2,180,4514)
r(9,62103,2,180,4515)
r(0,62114,2,180,4516)
r(0,62114,2,180,4517)
r(10,62112,2,180,4518)
r(6,82093,2,180,4519)
r(9,62103,2,180,4520)
r(13,62115,2,180,4521)
r(2,62110,2,180,4522)
r(0,62114,2,180,4523)
r(7,82112,2,180,4524)
r(2,82130,2,182,4550)
r(1,82137,2,182,4551)
r(6,62123,2,182,4552)
r(1,82137,2,182,4553)
r(0,82138,2,182,4554)
r(11,82095,2,182,4555)
r(1,82137,2,182,4556)
r(16,62119,2,182,4557)
r(4,82132,2,182,4558)
r(1,82137,2,182,4559)
r(3,62106,2,182,4560)
r(1,82137,2,182,4561)
r(0,82138,2,182,4562)
w(13,22174,2,182,4563)
w(1,22175,2,182,4564)
w(0,22176,2,182,4565)
w(3,22177,2,182,4566)
w(4,22178,2,182,4567)
w(1,22179,2,182,4568)
w(0,22180,2,182,4569)
w(2,22181,2,182,4570)
w(3,22182,2,182,4571)
w(2,22183,2,182,4572)
w(0,22184,2,182,4573)
w(0,22185,2,182,4574)
r(19,11839,2,184,4600)
r(0,22185,2,184,4601)
r(2,22183,2,184,4602)
r(0,22185,2,184,4603)
r(0,22185,2,184,4604)
r(8,62118,2,184,4605)
r(1,22179,2,184,4606)
r(3,22182,2,184,4607)
r(4,22178,2,184,4608)
r(2,22183,2,184,4609)
r(0,22185,2,184,4610)
r(1,22179,2,184,4611)
r(0,22185,2,184,4612)
r(9,62103,2,184,4613)
r(3,22182,2,184,4614)
r(1,22179,2,184,4615)
r(0,22185,2,184,4616)
r(8,62118,2,184,4617)
r(18,62067,2,184,4618)
r(0,22185,2,184,4619)
r(0,22185,2,184,4620)
r(5,82094,2,184,4621)
r(0,22185,2,184,4622)
r(9,62103,2,184,4623)
r(8,62118,2,184,4624)
w(0,22199,2,185,4625)
w(4,22200,2,185,4626)
w(1,22201,2,185,4627)
w(4,22202,2,185,4628)
w(3,22203,2,185,4629)
w(5,22204,2,185,4630)
w(0,22205,2,185,4631)
w(0,22206,2,185,4632)
w(19,22207,2,185,4633)
w(1,22208,2,185,4634)
w(16,22209,2,185,4635)
w(7,22210,2,185,4636)
w(9,22211,2,185,4637)
w(7,22212,2,185,4638)
w(7,22213,2,185,4639)
w(2,22214,2,185,4640)
w(13,22215,2,185,4641)
w(13,22216,2,185,4642)
w(0,22217,2,185,4643)
w(1,22218,2,185,4644)
w(9,22219,2,185,4645)
w(0,22220,2,185,4646)
w(8,22221,2,185,4647)
w(18,22222,2,185,4648)
w(5,22223,2,185,4649)
r(1,22218,2,186,4650)
r(3,22203,2,186,4651)
r(1,22218,2,186,4652)
r(0,22220,2,186,4653)
r(3,22203,2,186,4654)
r(0,22220,2,186,4655)
r(8,22221,2,186,4656)
r(6,62123,2,186,4657)
r(3,22203,2,186,4658)
r(13,22216,2,186,4659)
r(3,22203,2,186,4660)
r(12,82131,2,186,4661)
r(0,22220,2,186,4662)
r(2,22214,2,186,4663)
r(5,22223,2,186,4664)
r(8,22221,2,186,4665)
r(3,22203,2,186,4666)
r(0,22220,2,186,4667)
r(0,22220,2,186,4668)
r(4,22202,2,186,4669)
r(1,22218,2,186,4670)
r(3,22203,2,186,4671)
r(7,22213,2,186,4672)
r(0,22220,2,186,4673)
r(2,22214,2,186,4674)
r(7,72063,2,188,4700)
r(7,72063,2,188,4701)
r(4,22202,2,188,4702)
r(9,22219,2,188,4703)
r(0,72074,2,188,4704)
r(8,72064,2,188,4705)
r(2,22214,2,188,4706)
r(4,22202,2,188,4707)
r(8,72064,2,188,4708)
r(1,92300,2,188,4709)
r(1,92300,2,188,4710)
r(1,92300,2,188,4711)
r(6,72072,2,188,4712)
r(3,72069,2,188,4713)
r(0,72074,2,188,4714)
r(0,72074,2,188,4715)
r(0,72074,2,188,4716)
r(1,92300,2,188,4717)
r(4,22202,2,188,4718)
r(15,82136,2,188,4719)
r(6,72072,2,188,4720)
r(0,72074,2,188,4721)
r(6,72072,2,188,4722)
r(4,22202,2,188,4723)
r(7,72063,2,188,4724)
w(7,22249,2,190,4750)
w(0,22250,2,190,4751)
w(7,22251,2,190,4752)
w(13,22252,2,190,4753)
w(0,22253,2,190,4754)
w(10,22254,2,190,4755)
w(0,22255,2,190,4756)
w(2,22256,2,190,4757)
w(0,22257,2,190,4758)
w(6,22258,2,190,4759)
w(0,22259,2,190,4760)
w(0,22260,2,190,4761)
w(17,22261,2,190,4762)
w(0,22262,2,190,4763)
w(0,22263,2,190,4764)
w(0,22264,2,190,4765)
w(3,22265,2,190,4766)
w(19,22266,2,190,4767)
w(19,22267,2,190,4768)
w(6,22268,2,190,4769)
w(4,22269,2,190,4770)
w(10,22270,2,190,4771)
w(6,22271,2,190,4772)
w(1,22272,2,190,4773)
w(4,22273,2,190,4774)
w(10,22370,2,197,4925)
w(2,22371,2,197,4926)
w(10,22372,2,197,4927)
w(11,22373,2,197,4928)
w(0,22374,2,197,4929)
w(1,22375,2,197,4930)
w(0,22376,2,197,4931)
w(0,22377,2,197,4932)
w(1,22378,2,197,4933)
w(0,22379,2,197,4934)
w(0,22380,2,197,4935)
w(18,22381,2,197,4936)
w(10,22382,2,197,4937)
w(0,22383,2,197,4938)
w(8,22384,2,197,4939)
w(5,22385,2,197,4940)
w(0,22386,2,197,4941)
w(5,22387,2,197,4942)
w(1,22388,2,197,4943)
w(0,22389,2,197,4944)
w(17,22390,2,197,4945)
w(13,22391,2,197,4946)
w(1,22392,2,197,4947)
w(0,22393,2,197,4948)
w(4,22394,2,197,4949)
r(1,22392,2,198,4950)
r(0,22393,2,198,4951)
r(14,62240,2,198,4952)
r(6,12076,2,198,4953)
r(14,62240,2,198,4954)
r(10,22382,2,198,4955)
r(2,22371,2,198,4956)
r(2,22371,2,198,4957)
r(0,22393,2,198,4958)
r(1,22392,2,198,4959)
r(1,22392,2,198,4960)
r(6,12076,2,198,4961)
w(0,22395,2,198,4962)
w(0,22396,2,198,4963)
w(0,22397,2,198,4964)
w(0,22398,2,198,4965)
w(3,22399,2,198,4966)
w(0,22400,2,198,4967)
w(10,22401,2,198,4968)
w(11,22402,2,198,4969)
w(0,22403,2,198,4970)
w(1,22404,2,198,4971)
w(10,22405,2,198,4972)
w(4,22406,2,198,4973)
w(14,22407,2,198,4974)
w(0,22499,2,205,5125)
w(2,22500,2,205,5126)
w(0,22501,2,205,5127)
w(2,22502,2,205,5128)
w(5,22503,2,205,5129)
w(0,22504,2,205,5130)
w(3,22505,2,205,5131)
w(1,22506,2,205,5132)
w(4,22507,2,205,5133)
w(1,22508,2,205,5134)
w(1,22509,2,205,5135)
w(13,22510,2,205,5136)
w(2,22511,2,205,5137)
w(5,22512,2,205,5138)
w(4,22513,2,205,5139)
w(5,22514,2,205,5140)
w(0,22515,2,205,5141)
w(11,22516,2,205,5142)
w(0,22517,2,205,5143)
w(3,22518,2,205,5144)
w(0,22519,2,205,5145)
w(17,22520,2,205,5146)
w(2,22521,2,205,5147)
w(4,22522,2,205,5148)
w(19,22523,2,205,5149)
r(8,92554,2,208,5200)
r(12,62382,2,208,5201)
r(5,92565,2,208,5202)
r(16,62396,2,208,5203)
r(0,62394,2,208,5204)
r(3,62400,2,208,5205)
r(6,32369,2,208,5206)
r(3,62400,2,208,5207)
r(1,62390,2,208,5208)
r(0,62394,2,208,5209)
r(3,62400,2,208,5210)
r(0,62394,2,208,5211)
r(10,32375,2,208,5212)
w(14,22574,2,208,5213)
w(1,22575,2,208,5214)
w(2,22576,2,208,5215)
w(3,22577,2,208,5216)
w(10,22578,2,208,5217)
w(1,22579,2,208,5218)
w(2,22580,2,208,5219)
w(1,22581,2,208,5220)
w(0,22582,2,208,5221)
w(0,22583,2,208,5222)
w(19,22584,2,208,5223)
w(14,22585,2,208,5224)
r(0,22583,2,209,5225)
r(3,22577,2,209,5226)
r(0,22583,2,209,5227)
r(15,32378,2,209,5228)
r(6,32369,2,209,5229)
r(0,22583,2,209,5230)
r(3,22577,2,209,5231)
r(0,22583,2,209,5232)
r(4,92557,2,209,5233)
r(0,22583,2,209,5234)
r(2,22580,2,209,5235)
r(1,22581,2,209,5236)
r(2,22580,2,209,5237)
r(0,22583,2,209,5238)
r(11,62376,2,209,5239)
r(0,22583,2,209,5240)
r(8,92554,2,209,5241)
w(10,22586,2,209,5242)
w(0,22587,2,209,5243)
w(2,22588,2,209,5244)
w(7,22589,2,209,5245)
w(2,22590,2,209,5246)
w(0,22591,2,209,5247)
w(2,22592,2,209,5248)
w(1,22593,2,209,5249)
r(3,72362,2,211,5275)
r(1,12287,2,211,5276)
r(0,12289,2,211,5277)
r(0,12289,2,211,5278)
r(1,12287,2,211,5279)
r(13,72354,2,211,5280)
r(18,32365,2,211,5281)
r(0,12289,2,211,5282)
r(10,22586,2,211,5283)
r(13,72354,2,211,5284)
r(8,92554,2,211,5285)
r(0,12289,2,211,5286)
r(10,22586,2,211,5287)
r(0,12289,2,211,5288)
r(5,72358,2,211,5289)
r(3,72362,2,211,5290)
r(2,12288,2,211,5291)
r(2,12288,2,211,5292)
r(15,92591,2,211,5293)
r(4,92582,2,211,5294)
r(1,12287,2,211,5295)
r(0,12289,2,211,5296)
r(0,12289,2,211,5297)
r(19,92598,2,211,5298)
r(9,92588,2,211,5299)
r(16,72355,2,213,5325)
r(8,42566,2,213,5326)
r(6,42581,2,213,5327)
r(2,92620,2,213,5328)
r(0,42584,2,213,5329)
r(1,42582,2,213,5330)
r(3,42577,2,213,5331)
r(15,42571,2,213,5332)
r(0,42584,2,213,5333)
r(9,92588,2,213,5334)
r(0,42584,2,213,5335)
r(3,42577,2,213,5336)
r(5,42540,2,213,5337)
r(1,42582,2,213,5338)
r(1,42582,2,213,5339)
r(0,42584,2,213,5340)
r(0,42584,2,213,5341)
r(0,42584,2,213,5342)
r(8,42566,2,213,5343)
r(7,42583,2,213,5344)
r(7,42583,2,213,5345)
r(2,92620,2,213,5346)
r(10,42572,2,213,5347)
r(1,42582,2,213,5348)
r(1,42582,2,213,5349)
r(5,42540,2,214,5350)
r(7,42583,2,214,5351)
r(2,92620,2,214,5352)
r(0,42584,2,214,5353)
r(0,42584,2,214,5354)
r(9,92588,2,214,5355)
r(14,42576,2,214,5356)
r(12,42562,2,214,5357)
r(0,42584,2,214,5358)
r(14,42576,2,214,5359)
r(0,42584,2,214,5360)
r(3,42577,2,214,5361)
r(0,42584,2,214,5362)
r(0,42584,2,214,5363)
r(0,42584,2,214,5364)
r(7,42583,2,214,5365)
r(12,42562,2,214,5366)
r(1,42582,2,214,5367)
r(1,42582,2,214,5368)
r(1,42582,2,214,5369)
r(4,92619,2,214,5370)
r(2,92620,2,214,5371)
r(0,42584,2,214,5372)
r(8,42566,2,214,5373)
r(1,42582,2,214,5374)
r(9,92588,2,215,5375)
r(0,32454,2,215,5376)
r(4,92619,2,215,5377)
r(0,32454,2,215,5378)
r(3,32456,2,215,5379)
r(2,32457,2,215,5380)
r(16,32450,2,215,5381)
r(3,32456,2,215,5382)
r(4,92619,2,215,5383)
r(9,92588,2,215,5384)
r(0,32454,2,215,5385)
w(0,22627,2,215,5386)
w(18,22628,2,215,5387)
w(0,22629,2,215,5388)
w(1,22630,2,215,5389)
w(0,22631,2,215,5390)
w(0,22632,2,215,5391)
w(5,22633,2,215,5392)
w(1,22634,2,215,5393)
w(5,22635,2,215,5394)
w(2,22636,2,215,5395)
w(1,22637,2,215,5396)
w(12,22638,2,215,5397)
w(5,22639,2,215,5398)
w(3,22640,2,215,5399)
r(0,92726,2,218,5450)
r(0,92726,2,218,5451)
r(2,82555,2,218,5452)
r(0,92726,2,218,5453)
r(0,92726,2,218,5454)
r(0,92726,2,218,5455)
r(1,92725,2,218,5456)
r(7,32446,2,218,5457)
r(16,52444,2,218,5458)
r(9,92709,2,218,5459)
r(0,92726,2,218,5460)
r(12,82538,2,218,5461)
r(9,92709,2,218,5462)
r(0,92726,2,218,5463)
r(3,92707,2,218,5464)
r(6,92704,2,218,5465)
r(4,92721,2,218,5466)
r(2,82555,2,218,5467)
r(0,92726,2,218,5468)
r(3,92707,2,218,5469)
r(7,32446,2,218,5470)
r(14,82557,2,218,5471)
r(1,92725,2,218,5472)
r(0,92726,2,218,5473)
r(13,92706,2,218,5474)
r(2,62546,2,221,5525)
r(0,62543,2,221,5526)
r(2,62546,2,221,5527)
r(2,62546,2,221,5528)
r(11,42689,2,221,5529)
r(0,62543,2,221,5530)
r(0,62543,2,221,5531)
r(1,62541,2,221,5532)
r(5,12420,2,221,5533)
r(3,12422,2,221,5534)
r(5,12420,2,221,5535)
r(4,12426,2,221,5536)
r(18,42691,2,221,5537)
r(8,2618,2,221,5538)
r(3,12422,2,221,5539)
r(8,2618,2,221,5540)
r(0,62543,2,221,5541)
w(19,22712,2,221,5542)
w(3,22713,2,221,5543)
w(2,22714,2,221,5544)
w(4,22715,2,221,5545)
w(18,22716,2,221,5546)
w(2,22717,2,221,5547)
w(0,22718,2,221,5548)
w(1,22719,2,221,5549)
r(1,22719,2,222,5550)
r(10,12425,2,222,5551)
r(10,12425,2,222,5552)
r(0,22718,2,222,5553)
r(10,12425,2,222,5554)
r(0,22718,2,222,5555)
r(0,22718,2,222,5556)
r(0,22718,2,222,5557)
r(1,22719,2,222,5558)
r(0,22718,2,222,5559)
r(0,22718,2,222,5560)
r(4,22715,2,222,5561)
r(6,62544,2,222,5562)
r(4,22715,2,222,5563)
r(9,42715,2,222,5564)
r(5,42716,2,222,5565)
r(9,42715,2,222,5566)
r(8,2618,2,222,5567)
r(18,22716,2,222,5568)
r(2,22717,2,222,5569)
r(7,12417,2,222,5570)
r(1,22719,2,222,5571)
r(0,22718,2,222,5572)
r(1,22719,2,222,5573)
r(2,22717,2,222,5574)
r(7,12417,2,224,5600)
r(7,12417,2,224,5601)
r(6,62544,2,224,5602)
r(0,22718,2,224,5603)
r(0,22718,2,224,5604)
r(0,22718,2,224,5605)
r(19,22712,2,224,5606)
r(4,22715,2,224,5607)
r(8,2618,2,224,5608)
r(2,22717,2,224,5609)
r(1,22719,2,224,5610)
r(1,22719,2,224,5611)
r(3,22713,2,224,5612)
r(0,22718,2,224,5613)
r(16,52444,2,224,5614)
r(3,22713,2,224,5615)
r(2,22717,2,224,5616)
r(11,42689,2,224,5617)
r(12,62545,2,224,5618)
r(11,42689,2,224,5619)
r(0,22718,2,224,5620)
r(0,22718,2,224,5621)
r(3,22713,2,224,5622)
r(3,22713,2,224,5623)
r(0,22718,2,224,5624)
r(3,92804,2,225,5625)
r(5,42716,2,225,5626)
r(3,92804,2,225,5627)
r(1,92798,2,225,5628)
r(4,92806,2,225,5629)
r(7,12417,2,225,5630)
r(0,92802,2,225,5631)
r(8,2618,2,225,5632)
r(18,92796,2,225,5633)
r(2,92807,2,225,5634)
r(7,12417,2,225,5635)
r(16,52444,2,225,5636)
r(7,12417,2,225,5637)
r(3,92804,2,225,5638)
r(6,92797,2,225,5639)
r(0,92802,2,225,5640)
r(0,92802,2,225,5641)
r(1,92798,2,225,5642)
r(2,92807,2,225,5643)
r(0,92802,2,225,5644)
r(1,92798,2,225,5645)
r(9,42715,2,225,5646)
r(18,92796,2,225,5647)
r(5,42716,2,225,5648)
r(3,92804,2,225,5649)
r(1,52572,2,226,5650)
r(0,52575,2,226,5651)
r(3,52569,2,226,5652)
r(0,52575,2,226,5653)
r(3,52569,2,226,5654)
r(4,52570,2,226,5655)
r(3,52569,2,226,5656)
r(3,52569,2,226,5657)
r(14,52552,2,226,5658)
r(6,92797,2,226,5659)
r(5,52551,2,226,5660)
r(10,52553,2,226,5661)
r(0,52575,2,226,5662)
r(7,52573,2,226,5663)
r(0,52575,2,226,5664)
w(0,22731,2,226,5665)
w(10,22732,2,226,5666)
w(1,22733,2,226,5667)
w(5,22734,2,226,5668)
w(16,22735,2,226,5669)
w(7,22736,2,226,5670)
w(2,22737,2,226,5671)
w(0,22738,2,226,5672)
w(5,22739,2,226,5673)
w(10,22740,2,226,5674)
r(1,22733,2,227,5675)
r(1,22733,2,227,5676)
r(0,22738,2,227,5677)
r(1,22733,2,227,5678)
r(1,22733,2,227,5679)
r(19,22712,2,227,5680)
r(1,22733,2,227,5681)
r(9,52593,2,227,5682)
r(0,22738,2,227,5683)
r(4,52570,2,227,5684)
r(4,52570,2,227,5685)
r(3,52588,2,227,5686)
r(1,22733,2,227,5687)
r(4,52570,2,227,5688)
r(7,22736,2,227,5689)
r(4,52570,2,227,5690)
r(1,22733,2,227,5691)
r(1,22733,2,227,5692)
r(1,22733,2,227,5693)
r(6,52596,2,227,5694)
r(1,22733,2,227,5695)
r(6,52596,2,227,5696)
r(0,22738,2,227,5697)
r(9,52593,2,227,5698)
r(3,52588,2,227,5699)
r(12,52555,2,230,5750)
r(0,42765,2,230,5751)
r(0,42765,2,230,5752)
r(15,42760,2,230,5753)
r(0,42765,2,230,5754)
r(2,42762,2,230,5755)
r(4,52570,2,230,5756)
r(0,42765,2,230,5757)
r(17,42752,2,230,5758)
r(13,52513,2,230,5759)
r(4,52570,2,230,5760)
r(1,42766,2,230,5761)
r(3,52588,2,230,5762)
r(3,52588,2,230,5763)
r(4,52570,2,230,5764)
r(17,42752,2,230,5765)
r(19,22712,2,230,5766)
r(0,42765,2,230,5767)
r(1,42766,2,230,5768)
r(1,42766,2,230,5769)
r(2,42762,2,230,5770)
r(0,42765,2,230,5771)
r(7,42757,2,230,5772)
r(15,42760,2,230,5773)
r(9,42763,2,230,5774)
r(11,72593,2,234,5850)
r(0,72592,2,234,5851)
r(6,72584,2,234,5852)
r(4,52570,2,234,5853)
r(9,42763,2,234,5854)
r(17,42752,2,234,5855)
r(1,72594,2,234,5856)
r(11,72593,2,234,5857)
r(7,72590,2,234,5858)
r(3,72587,2,234,5859)
r(3,72587,2,234,5860)
r(2,42774,2,234,5861)
r(4,52570,2,234,5862)
r(2,42774,2,234,5863)
r(0,72592,2,234,5864)
r(6,72584,2,234,5865)
r(3,72587,2,234,5866)
r(9,42763,2,234,5867)
r(8,42758,2,234,5868)
r(15,42760,2,234,5869)
r(5,72596,2,234,5870)
r(8,42758,2,234,5871)
r(0,72592,2,234,5872)
r(0,72592,2,234,5873)
r(0,72592,2,234,5874)
w(0,22811,2,235,5875)
w(0,22812,2,235,5876)
w(0,22813,2,235,5877)
w(0,22814,2,235,5878)
w(3,22815,2,235,5879)
w(16,22816,2,235,5880)
w(0,22817,2,235,5881)
w(0,22818,2,235,5882)
w(1,22819,2,235,5883)
w(8,22820,2,235,5884)
w(0,22821,2,235,5885)
w(3,22822,2,235,5886)
w(0,22823,2,235,5887)
w(1,22824,2,235,5888)
w(2,22825,2,235,5889)
w(0,22826,2,235,5890)
w(11,22827,2,235,5891)
w(18,22828,2,235,5892)
w(3,22829,2,235,5893)
w(2,22830,2,235,5894)
w(2,22831,2,235,5895)
w(1,22832,2,235,5896)
w(0,22833,2,235,5897)
w(0,22834,2,235,5898)
w(0,22835,2,235,5899)
r(2,32696,2,238,5950)
r(1,92912,2,238,5951)
r(12,72581,2,238,5952)
r(4,92902,2,238,5953)
r(6,72584,2,238,5954)
r(4,92902,2,238,5955)
r(4,92902,2,238,5956)
r(9,92910,2,238,5957)
r(11,22827,2,238,5958)
r(0,92907,2,238,5959)
r(10,42782,2,238,5960)
r(12,72581,2,238,5961)
r(13,92909,2,238,5962)
r(0,92907,2,238,5963)
r(0,92907,2,238,5964)
r(10,42782,2,238,5965)
r(1,92912,2,238,5966)
r(1,92912,2,238,5967)
r(2,32696,2,238,5968)
r(19,72588,2,238,5969)
r(13,92909,2,238,5970)
r(2,32696,2,238,5971)
r(6,72584,2,238,5972)
r(0,92907,2,238,5973)
r(4,92902,2,238,5974)
