r(6,0,0,0,0)
r(1,0,0,0,1)
r(7,0,0,0,2)
r(0,0,0,0,3)
r(0,0,0,0,4)
r(1,0,0,0,5)
r(5,0,0,0,6)
r(2,0,0,0,7)
r(1,0,0,0,8)
r(1,0,0,0,9)
r(0,0,0,0,10)
r(3,0,0,0,11)
w(10,1,0,0,12)
w(7,2,0,0,13)
w(12,3,0,0,14)
w(0,4,0,0,15)
w(11,5,0,0,16)
w(11,6,0,0,17)
w(8,7,0,0,18)
w(8,8,0,0,19)
w(13,9,0,0,20)
w(0,10,0,0,21)
w(1,11,0,0,22)
w(6,12,0,0,23)
w(13,13,0,0,24)
r(4,90025,0,2,50)
r(6,90003,0,2,51)
r(2,90012,0,2,52)
r(2,90012,0,2,53)
r(0,90023,0,2,54)
r(15,0,0,2,55)
r(0,90023,0,2,56)
r(0,90023,0,2,57)
r(0,90023,0,2,58)
r(11,6,0,2,59)
r(0,90023,0,2,60)
r(15,0,0,2,61)
r(1,90017,0,2,62)
r(4,90025,0,2,63)
r(4,90025,0,2,64)
r(6,90003,0,2,65)
r(12,90020,0,2,66)
r(0,90023,0,2,67)
r(3,90024,0,2,68)
r(13,13,0,2,69)
r(18,0,0,2,70)
r(4,90025,0,2,71)
r(5,90007,0,2,72)
r(8,90014,0,2,73)
r(2,90012,0,2,74)
r(15,0,0,7,175)
r(0,10076,0,7,176)
r(2,10070,0,7,177)
r(9,90005,0,7,178)
r(0,10076,0,7,179)
r(7,10073,0,7,180)
r(0,10076,0,7,181)
r(12,50051,0,7,182)
r(19,90009,0,7,183)
r(7,10073,0,7,184)
r(4,10057,0,7,185)
r(1,10074,0,7,186)
r(17,20039,0,7,187)
r(2,10070,0,7,188)
r(0,10076,0,7,189)
r(9,90005,0,7,190)
r(1,10074,0,7,191)
r(0,10076,0,7,192)
r(13,80019,0,7,193)
r(18,80037,0,7,194)
r(7,10073,0,7,195)
r(2,10070,0,7,196)
r(2,10070,0,7,197)
r(1,10074,0,7,198)
r(14,10068,0,7,199)
r(0,40101,0,10,250)
r(12,40082,0,10,251)
r(2,40076,0,10,252)
r(1,40103,0,10,253)
r(3,40098,0,10,254)
r(1,40103,0,10,255)
r(4,40089,0,10,256)
r(0,40101,0,10,257)
r(4,40089,0,10,258)
r(2,40076,0,10,259)
r(18,80037,0,10,260)
r(1,40103,0,10,261)
r(1,40103,0,10,262)
r(2,40076,0,10,263)
r(9,40097,0,10,264)
r(0,40101,0,10,265)
r(1,40103,0,10,266)
r(0,40101,0,10,267)
r(11,20086,0,10,268)
r(0,40101,0,10,269)
r(4,40089,0,10,270)
r(1,40103,0,10,271)
r(5,40064,0,10,272)
r(1,40103,0,10,273)
r(5,40064,0,10,274)
r(11,20086,0,11,275)
r(0,40101,0,11,276)
r(1,40103,0,11,277)
r(15,40078,0,11,278)
r(6,40094,0,11,279)
r(14,40093,0,11,280)
r(0,40101,0,11,281)
r(0,40101,0,11,282)
r(4,40089,0,11,283)
r(1,40103,0,11,284)
r(0,40101,0,11,285)
r(3,40098,0,11,286)
r(13,40067,0,11,287)
r(0,40101,0,11,288)
r(0,40101,0,11,289)
w(4,147,0,11,290)
w(2,148,0,11,291)
w(0,149,0,11,292)
w(1,150,0,11,293)
w(5,151,0,11,294)
w(0,152,0,11,295)
w(6,153,0,11,296)
w(3,154,0,11,297)
w(1,155,0,11,298)
w(13,156,0,11,299)
r(11,20109,0,14,350)
r(0,30156,0,14,351)
r(0,30156,0,14,352)
r(0,30156,0,14,353)
r(2,30157,0,14,354)
r(0,30156,0,14,355)
r(1,70152,0,14,356)
r(0,30156,0,14,357)
r(0,30156,0,14,358)
r(2,30157,0,14,359)
r(1,70152,0,14,360)
r(0,30156,0,14,361)
r(6,70135,0,14,362)
r(19,90009,0,14,363)
r(5,70151,0,14,364)
r(4,70144,0,14,365)
r(0,30156,0,14,366)
r(2,30157,0,14,367)
r(2,30157,0,14,368)
r(4,70144,0,14,369)
r(0,30156,0,14,370)
r(1,70152,0,14,371)
r(3,40141,0,14,372)
r(3,40141,0,14,373)
r(1,70152,0,14,374)
w(0,222,0,18,450)
w(0,223,0,18,451)
w(16,224,0,18,452)
w(5,225,0,18,453)
w(1,226,0,18,454)
w(9,227,0,18,455)
w(1,228,0,18,456)
w(7,229,0,18,457)
w(0,230,0,18,458)
w(0,231,0,18,459)
w(0,232,0,18,460)
w(7,233,0,18,461)
w(4,234,0,18,462)
w(4,235,0,18,463)
w(2,236,0,18,464)
w(0,237,0,18,465)
w(0,238,0,18,466)
w(4,239,0,18,467)
w(16,240,0,18,468)
w(0,241,0,18,469)
w(0,242,0,18,470)
w(9,243,0,18,471)
w(8,244,0,18,472)
w(7,245,0,18,473)
w(8,246,0,18,474)
r(9,243,0,19,475)
r(2,236,0,19,476)
r(3,10191,0,19,477)
r(0,242,0,19,478)
r(7,245,0,19,479)
r(12,10190,0,19,480)
r(10,10182,0,19,481)
r(0,242,0,19,482)
r(0,242,0,19,483)
r(19,50170,0,19,484)
r(0,242,0,19,485)
r(0,242,0,19,486)
r(1,228,0,19,487)
r(6,10193,0,19,488)
r(6,10193,0,19,489)
r(3,10191,0,19,490)
r(3,10191,0,19,491)
r(0,242,0,19,492)
r(17,40081,0,19,493)
r(0,242,0,19,494)
r(15,10187,0,19,495)
r(5,225,0,19,496)
r(9,243,0,19,497)
r(5,225,0,19,498)
r(0,242,0,19,499)
r(8,246,0,21,525)
r(1,60212,0,21,526)
r(11,60215,0,21,527)
r(5,70217,0,21,528)
r(0,60217,0,21,529)
r(0,60217,0,21,530)
r(0,60217,0,21,531)
r(0,60217,0,21,532)
r(1,60212,0,21,533)
r(2,60209,0,21,534)
r(0,60217,0,21,535)
r(9,60204,0,21,536)
r(0,60217,0,21,537)
r(6,60211,0,21,538)
r(0,60217,0,21,539)
r(1,60212,0,21,540)
r(16,60206,0,21,541)
r(4,60208,0,21,542)
r(6,60211,0,21,543)
r(3,60207,0,21,544)
r(0,60217,0,21,545)
r(10,60214,0,21,546)
r(2,60209,0,21,547)
r(3,60207,0,21,548)
r(1,60212,0,21,549)
r(0,60217,0,23,575)
r(5,70217,0,23,576)
r(3,60207,0,23,577)
r(6,60211,0,23,578)
r(10,60214,0,23,579)
r(3,60207,0,23,580)
r(0,60217,0,23,581)
r(0,60217,0,23,582)
r(15,10187,0,23,583)
r(2,60209,0,23,584)
r(0,60217,0,23,585)
r(18,70215,0,23,586)
r(0,60217,0,23,587)
r(0,60217,0,23,588)
r(0,60217,0,23,589)
r(1,60212,0,23,590)
r(2,60209,0,23,591)
r(1,60212,0,23,592)
r(12,10190,0,23,593)
r(0,60217,0,23,594)
r(9,60204,0,23,595)
r(8,246,0,23,596)
r(5,70217,0,23,597)
r(3,60207,0,23,598)
r(1,60212,0,23,599)
r(3,20278,0,26,650)
r(5,90252,0,26,651)
r(1,90251,0,26,652)
r(3,20278,0,26,653)
r(0,20285,0,26,654)
r(0,20285,0,26,655)
r(8,90243,0,26,656)
r(6,90233,0,26,657)
r(8,90243,0,26,658)
r(0,20285,0,26,659)
r(3,20278,0,26,660)
r(11,90246,0,26,661)
r(0,20285,0,26,662)
r(7,20283,0,26,663)
r(5,90252,0,26,664)
r(14,20282,0,26,665)
r(3,20278,0,26,666)
r(2,20284,0,26,667)
r(3,20278,0,26,668)
r(15,90242,0,26,669)
r(16,20281,0,26,670)
r(19,20276,0,26,671)
r(1,90251,0,26,672)
r(2,20284,0,26,673)
r(1,90251,0,26,674)
w(4,452,0,34,850)
w(1,453,0,34,851)
w(2,454,0,34,852)
w(4,455,0,34,853)
w(4,456,0,34,854)
w(1,457,0,34,855)
w(2,458,0,34,856)
w(3,459,0,34,857)
w(1,460,0,34,858)
w(0,461,0,34,859)
w(0,462,0,34,860)
w(1,463,0,34,861)
w(2,464,0,34,862)
w(12,465,0,34,863)
w(9,466,0,34,864)
w(8,467,0,34,865)
w(0,468,0,34,866)
w(0,469,0,34,867)
w(0,470,0,34,868)
w(2,471,0,34,869)
w(15,472,0,34,870)
w(0,473,0,34,871)
w(12,474,0,34,872)
w(4,475,0,34,873)
w(0,476,0,34,874)
r(4,475,0,36,900)
r(0,80396,0,36,901)
r(15,80399,0,36,902)
r(6,80377,0,36,903)
r(18,80394,0,36,904)
r(0,80396,0,36,905)
r(2,80397,0,36,906)
r(0,80396,0,36,907)
r(3,459,0,36,908)
r(4,475,0,36,909)
r(0,80396,0,36,910)
r(8,467,0,36,911)
r(12,80389,0,36,912)
r(1,80393,0,36,913)
r(6,80377,0,36,914)
r(1,80393,0,36,915)
r(3,459,0,36,916)
r(0,80396,0,36,917)
r(0,80396,0,36,918)
r(1,80393,0,36,919)
r(8,467,0,36,920)
r(2,80397,0,36,921)
r(1,80393,0,36,922)
r(18,80394,0,36,923)
r(1,80393,0,36,924)
r(1,90647,0,46,1150)
r(0,90651,0,46,1151)
r(15,90650,0,46,1152)
r(10,90646,0,46,1153)
r(0,90651,0,46,1154)
r(2,40551,0,46,1155)
r(0,90651,0,46,1156)
r(1,90647,0,46,1157)
r(0,90651,0,46,1158)
r(19,50490,0,46,1159)
r(18,80607,0,46,1160)
r(2,40551,0,46,1161)
w(4,652,0,46,1162)
w(13,653,0,46,1163)
w(3,654,0,46,1164)
w(4,655,0,46,1165)
w(0,656,0,46,1166)
w(18,657,0,46,1167)
w(4,658,0,46,1168)
w(0,659,0,46,1169)
w(1,660,0,46,1170)
w(0,661,0,46,1171)
w(7,662,0,46,1172)
w(1,663,0,46,1173)
w(0,664,0,46,1174)
r(7,80690,0,51,1275)
r(2,80692,0,51,1276)
r(2,80692,0,51,1277)
r(0,80697,0,51,1278)
r(10,40625,0,51,1279)
r(0,80697,0,51,1280)
r(5,40623,0,51,1281)
r(3,80698,0,51,1282)
r(2,80692,0,51,1283)
r(0,80697,0,51,1284)
r(1,80691,0,51,1285)
w(9,757,0,51,1286)
w(0,758,0,51,1287)
w(0,759,0,51,1288)
w(16,760,0,51,1289)
w(5,761,0,51,1290)
w(0,762,0,51,1291)
w(15,763,0,51,1292)
w(18,764,0,51,1293)
w(1,765,0,51,1294)
w(18,766,0,51,1295)
w(1,767,0,51,1296)
w(12,768,0,51,1297)
w(6,769,0,51,1298)
w(7,770,0,51,1299)
r(0,80795,0,55,1375)
r(1,80793,0,55,1376)
r(19,90789,0,55,1377)
r(0,80795,0,55,1378)
r(0,80795,0,55,1379)
r(1,80793,0,55,1380)
r(3,90785,0,55,1381)
r(4,80782,0,55,1382)
r(10,80774,0,55,1383)
r(3,90785,0,55,1384)
r(1,80793,0,55,1385)
r(7,80789,0,55,1386)
r(9,80767,0,55,1387)
r(0,80795,0,55,1388)
r(0,80795,0,55,1389)
r(18,80792,0,55,1390)
r(8,80777,0,55,1391)
r(3,90785,0,55,1392)
r(17,80779,0,55,1393)
r(0,80795,0,55,1394)
r(3,90785,0,55,1395)
r(3,90785,0,55,1396)
r(13,80790,0,55,1397)
r(0,80795,0,55,1398)
r(1,80793,0,55,1399)
r(0,20857,0,59,1475)
r(12,70743,0,59,1476)
r(6,20865,0,59,1477)
r(18,20867,0,59,1478)
r(4,20866,0,59,1479)
r(2,20845,0,59,1480)
r(11,20847,0,59,1481)
r(7,40735,0,59,1482)
r(4,20866,0,59,1483)
r(0,20857,0,59,1484)
r(2,20845,0,59,1485)
r(5,90787,0,59,1486)
r(0,20857,0,59,1487)
r(0,20857,0,59,1488)
r(0,20857,0,59,1489)
r(7,40735,0,59,1490)
r(1,20860,0,59,1491)
r(15,20851,0,59,1492)
r(4,20866,0,59,1493)
r(0,20857,0,59,1494)
r(3,20861,0,59,1495)
r(0,20857,0,59,1496)
r(0,20857,0,59,1497)
r(4,20866,0,59,1498)
r(0,20857,0,59,1499)
r(1,20860,0,61,1525)
r(0,80876,0,61,1526)
r(2,80874,0,61,1527)
r(17,80884,0,61,1528)
r(0,80876,0,61,1529)
r(14,80883,0,61,1530)
r(1,20860,0,61,1531)
r(8,80885,0,61,1532)
r(2,80874,0,61,1533)
r(3,20861,0,61,1534)
r(0,80876,0,61,1535)
r(12,70743,0,61,1536)
r(0,80876,0,61,1537)
r(7,40735,0,61,1538)
w(0,891,0,61,1539)
w(0,892,0,61,1540)
w(12,893,0,61,1541)
w(2,894,0,61,1542)
w(1,895,0,61,1543)
w(0,896,0,61,1544)
w(0,897,0,61,1545)
w(1,898,0,61,1546)
w(8,899,0,61,1547)
w(1,900,0,61,1548)
w(5,901,0,61,1549)
r(18,80881,0,62,1550)
r(2,894,0,62,1551)
r(1,900,0,62,1552)
r(1,900,0,62,1553)
r(2,894,0,62,1554)
r(0,897,0,62,1555)
r(17,80884,0,62,1556)
r(2,894,0,62,1557)
r(0,897,0,62,1558)
r(3,20861,0,62,1559)
r(3,20861,0,62,1560)
r(2,894,0,62,1561)
r(1,900,0,62,1562)
r(0,897,0,62,1563)
r(3,20861,0,62,1564)
r(7,40735,0,62,1565)
w(13,902,0,62,1566)
w(2,903,0,62,1567)
w(19,904,0,62,1568)
w(0,905,0,62,1569)
w(7,906,0,62,1570)
w(13,907,0,62,1571)
w(0,908,0,62,1572)
w(0,909,0,62,1573)
w(5,910,0,62,1574)
r(9,10819,0,67,1675)
r(7,20985,0,67,1676)
r(16,10806,0,67,1677)
r(1,20988,0,67,1678)
r(0,20987,0,67,1679)
r(3,20990,0,67,1680)
r(5,30905,0,67,1681)
r(13,30902,0,67,1682)
r(0,20987,0,67,1683)
r(0,20987,0,67,1684)
r(11,20982,0,67,1685)
r(3,20990,0,67,1686)
r(0,20987,0,67,1687)
r(9,10819,0,67,1688)
r(0,20987,0,67,1689)
r(9,10819,0,67,1690)
r(1,20988,0,67,1691)
r(0,20987,0,67,1692)
r(1,20988,0,67,1693)
r(4,10828,0,67,1694)
r(1,20988,0,67,1695)
r(0,20987,0,67,1696)
r(9,10819,0,67,1697)
r(0,20987,0,67,1698)
r(2,30904,0,67,1699)
r(0,90993,0,72,1800)
r(1,90986,0,72,1801)
r(5,90983,0,72,1802)
r(1,90986,0,72,1803)
r(0,90993,0,72,1804)
r(9,90985,0,72,1805)
r(1,90986,0,72,1806)
r(15,50818,0,72,1807)
r(12,30953,0,72,1808)
w(3,1017,0,72,1809)
w(0,1018,0,72,1810)
w(11,1019,0,72,1811)
w(2,1020,0,72,1812)
w(0,1021,0,72,1813)
w(2,1022,0,72,1814)
w(3,1023,0,72,1815)
w(6,1024,0,72,1816)
w(0,1025,0,72,1817)
w(1,1026,0,72,1818)
w(0,1027,0,72,1819)
w(15,1028,0,72,1820)
w(4,1029,0,72,1821)
w(2,1030,0,72,1822)
w(17,1031,0,72,1823)
w(0,1032,0,72,1824)
r(0,1032,0,73,1825)
r(6,1024,0,73,1826)
r(6,1024,0,73,1827)
r(15,1028,0,73,1828)
r(0,1032,0,73,1829)
r(4,1029,0,73,1830)
r(0,1032,0,73,1831)
r(3,1023,0,73,1832)
r(0,1032,0,73,1833)
r(2,1030,0,73,1834)
r(0,1032,0,73,1835)
r(10,10887,0,73,1836)
r(0,1032,0,73,1837)
r(0,1032,0,73,1838)
r(0,1032,0,73,1839)
w(0,1033,0,73,1840)
w(1,1034,0,73,1841)
w(1,1035,0,73,1842)
w(1,1036,0,73,1843)
w(1,1037,0,73,1844)
w(14,1038,0,73,1845)
w(1,1039,0,73,1846)
w(0,1040,0,73,1847)
w(6,1041,0,73,1848)
w(0,1042,0,73,1849)
r(6,81034,0,75,1875)
r(11,50882,0,75,1876)
r(1,81036,0,75,1877)
r(5,81040,0,75,1878)
r(14,1038,0,75,1879)
r(1,81036,0,75,1880)
r(3,50879,0,75,1881)
r(0,50880,0,75,1882)
r(12,81022,0,75,1883)
r(4,60941,0,75,1884)
r(18,50878,0,75,1885)
r(1,81036,0,75,1886)
r(1,81036,0,75,1887)
r(1,81036,0,75,1888)
r(1,81036,0,75,1889)
r(2,50883,0,75,1890)
r(3,50879,0,75,1891)
r(6,81034,0,75,1892)
r(1,81036,0,75,1893)
r(13,30988,0,75,1894)
r(3,50879,0,75,1895)
r(1,81036,0,75,1896)
r(6,81034,0,75,1897)
r(3,50879,0,75,1898)
r(13,30988,0,75,1899)
w(2,1065,0,77,1925)
w(2,1066,0,77,1926)
w(0,1067,0,77,1927)
w(0,1068,0,77,1928)
w(5,1069,0,77,1929)
w(0,1070,0,77,1930)
w(1,1071,0,77,1931)
w(2,1072,0,77,1932)
w(0,1073,0,77,1933)
w(0,1074,0,77,1934)
w(3,1075,0,77,1935)
w(0,1076,0,77,1936)
w(0,1077,0,77,1937)
w(4,1078,0,77,1938)
w(0,1079,0,77,1939)
w(0,1080,0,77,1940)
w(11,1081,0,77,1941)
w(0,1082,0,77,1942)
w(1,1083,0,77,1943)
w(5,1084,0,77,1944)
w(0,1085,0,77,1945)
w(14,1086,0,77,1946)
w(0,1087,0,77,1947)
w(0,1088,0,77,1948)
w(14,1089,0,77,1949)
r(1,61019,0,79,1975)
r(0,61016,0,79,1976)
r(9,60962,0,79,1977)
r(11,1081,0,79,1978)
r(2,61012,0,79,1979)
r(3,61014,0,79,1980)
r(0,61016,0,79,1981)
r(1,61019,0,79,1982)
r(3,61014,0,79,1983)
r(1,61019,0,79,1984)
r(8,61008,0,79,1985)
r(0,61016,0,79,1986)
r(3,61014,0,79,1987)
r(3,61014,0,79,1988)
r(2,61012,0,79,1989)
r(11,1081,0,79,1990)
r(6,21084,0,79,1991)
r(13,61013,0,79,1992)
r(12,21081,0,79,1993)
r(18,81075,0,79,1994)
r(1,61019,0,79,1995)
r(7,21091,0,79,1996)
r(8,61008,0,79,1997)
r(1,61019,0,79,1998)
r(2,61012,0,79,1999)
r(0,40956,0,81,2025)
r(14,1089,0,81,2026)
r(2,40957,0,81,2027)
r(0,40956,0,81,2028)
r(7,40937,0,81,2029)
r(9,40945,0,81,2030)
r(2,40957,0,81,2031)
r(10,40950,0,81,2032)
r(0,40956,0,81,2033)
r(0,40956,0,81,2034)
r(0,40956,0,81,2035)
r(0,40956,0,81,2036)
r(14,1089,0,81,2037)
r(10,40950,0,81,2038)
r(1,40951,0,81,2039)
r(2,40957,0,81,2040)
r(19,60975,0,81,2041)
r(5,40940,0,81,2042)
r(1,40951,0,81,2043)
r(15,40934,0,81,2044)
r(15,40934,0,81,2045)
r(0,40956,0,81,2046)
r(0,40956,0,81,2047)
r(0,40956,0,81,2048)
r(0,40956,0,81,2049)
r(9,40945,0,82,2050)
r(0,40956,0,82,2051)
r(4,61015,0,82,2052)
r(0,40956,0,82,2053)
r(1,40951,0,82,2054)
r(1,40951,0,82,2055)
r(1,40951,0,82,2056)
r(14,1089,0,82,2057)
r(2,40957,0,82,2058)
r(0,40956,0,82,2059)
r(1,40951,0,82,2060)
r(0,40956,0,82,2061)
w(13,1125,0,82,2062)
w(15,1126,0,82,2063)
w(0,1127,0,82,2064)
w(0,1128,0,82,2065)
w(0,1129,0,82,2066)
w(0,1130,0,82,2067)
w(1,1131,0,82,2068)
w(1,1132,0,82,2069)
w(0,1133,0,82,2070)
w(10,1134,0,82,2071)
w(1,1135,0,82,2072)
w(0,1136,0,82,2073)
w(7,1137,0,82,2074)
r(1,1135,0,83,2075)
r(4,61015,0,83,2076)
r(13,1125,0,83,2077)
r(14,1089,0,83,2078)
r(1,1135,0,83,2079)
r(0,1136,0,83,2080)
r(12,21081,0,83,2081)
r(7,1137,0,83,2082)
r(2,40957,0,83,2083)
r(17,40955,0,83,2084)
r(1,1135,0,83,2085)
r(14,1089,0,83,2086)
r(5,40940,0,83,2087)
r(2,40957,0,83,2088)
r(1,1135,0,83,2089)
r(15,1126,0,83,2090)
r(0,1136,0,83,2091)
r(1,1135,0,83,2092)
r(10,1134,0,83,2093)
r(1,1135,0,83,2094)
r(0,1136,0,83,2095)
r(8,40953,0,83,2096)
r(1,1135,0,83,2097)
r(2,40957,0,83,2098)
r(2,40957,0,83,2099)
r(0,1136,0,84,2100)
r(0,1136,0,84,2101)
r(3,40944,0,84,2102)
r(19,60975,0,84,2103)
r(2,40957,0,84,2104)
r(3,40944,0,84,2105)
r(11,40949,0,84,2106)
r(5,40940,0,84,2107)
r(8,40953,0,84,2108)
r(7,1137,0,84,2109)
r(0,1136,0,84,2110)
r(5,40940,0,84,2111)
r(14,1089,0,84,2112)
r(1,1135,0,84,2113)
r(12,21081,0,84,2114)
r(2,40957,0,84,2115)
r(7,1137,0,84,2116)
r(13,1125,0,84,2117)
r(0,1136,0,84,2118)
r(14,1089,0,84,2119)
r(13,1125,0,84,2120)
r(3,40944,0,84,2121)
r(18,61029,0,84,2122)
r(19,60975,0,84,2123)
r(9,40945,0,84,2124)
r(10,1134,0,86,2150)
r(14,1089,0,86,2151)
r(0,31073,0,86,2152)
r(2,31064,0,86,2153)
r(0,31073,0,86,2154)
r(0,31073,0,86,2155)
r(0,31073,0,86,2156)
r(4,31069,0,86,2157)
r(10,1134,0,86,2158)
r(11,31070,0,86,2159)
r(8,40953,0,86,2160)
r(0,31073,0,86,2161)
r(19,60975,0,86,2162)
r(11,31070,0,86,2163)
r(0,31073,0,86,2164)
r(18,61029,0,86,2165)
r(12,31051,0,86,2166)
r(13,31057,0,86,2167)
r(0,31073,0,86,2168)
r(8,40953,0,86,2169)
r(18,61029,0,86,2170)
r(7,31066,0,86,2171)
r(0,31073,0,86,2172)
r(2,31064,0,86,2173)
r(1,31074,0,86,2174)
r(0,71133,0,95,2375)
r(5,71129,0,95,2376)
r(0,71133,0,95,2377)
r(12,71135,0,95,2378)
r(0,71133,0,95,2379)
r(0,71133,0,95,2380)
r(0,71133,0,95,2381)
r(0,71133,0,95,2382)
r(2,71132,0,95,2383)
r(0,71133,0,95,2384)
r(4,71138,0,95,2385)
r(2,71132,0,95,2386)
r(1,71139,0,95,2387)
r(4,71138,0,95,2388)
r(2,71132,0,95,2389)
r(0,71133,0,95,2390)
r(9,71131,0,95,2391)
r(2,71132,0,95,2392)
r(13,71136,0,95,2393)
r(0,71133,0,95,2394)
r(6,61179,0,95,2395)
r(17,71128,0,95,2396)
r(3,71134,0,95,2397)
r(1,71139,0,95,2398)
r(0,71133,0,95,2399)
w(9,1303,0,97,2425)
w(18,1304,0,97,2426)
w(15,1305,0,97,2427)
w(4,1306,0,97,2428)
w(0,1307,0,97,2429)
w(0,1308,0,97,2430)
w(4,1309,0,97,2431)
w(5,1310,0,97,2432)
w(7,1311,0,97,2433)
w(0,1312,0,97,2434)
w(17,1313,0,97,2435)
w(12,1314,0,97,2436)
w(0,1315,0,97,2437)
w(3,1316,0,97,2438)
w(4,1317,0,97,2439)
w(0,1318,0,97,2440)
w(2,1319,0,97,2441)
w(2,1320,0,97,2442)
w(0,1321,0,97,2443)
w(0,1322,0,97,2444)
w(3,1323,0,97,2445)
w(1,1324,0,97,2446)
w(4,1325,0,97,2447)
w(0,1326,0,97,2448)
w(2,1327,0,97,2449)
r(0,71175,0,99,2475)
r(1,71173,0,99,2476)
r(1,71173,0,99,2477)
r(18,1304,0,99,2478)
r(0,71175,0,99,2479)
r(0,71175,0,99,2480)
r(4,71172,0,99,2481)
r(11,21198,0,99,2482)
r(3,1323,0,99,2483)
r(6,71176,0,99,2484)
r(11,21198,0,99,2485)
r(0,71175,0,99,2486)
w(3,1338,0,99,2487)
w(13,1339,0,99,2488)
w(1,1340,0,99,2489)
w(2,1341,0,99,2490)
w(2,1342,0,99,2491)
w(7,1343,0,99,2492)
w(2,1344,0,99,2493)
w(8,1345,0,99,2494)
w(0,1346,0,99,2495)
w(7,1347,0,99,2496)
w(2,1348,0,99,2497)
w(0,1349,0,99,2498)
w(1,1350,0,99,2499)
r(7,1347,0,100,2500)
r(1,1350,0,100,2501)
r(0,1349,0,100,2502)
r(4,71172,0,100,2503)
r(2,1348,0,100,2504)
r(0,1349,0,100,2505)
r(9,1303,0,100,2506)
r(1,1350,0,100,2507)
r(5,71170,0,100,2508)
r(1,1350,0,100,2509)
r(0,1349,0,100,2510)
r(3,1338,0,100,2511)
r(16,51136,0,100,2512)
r(10,51150,0,100,2513)
r(0,1349,0,100,2514)
r(5,71170,0,100,2515)
r(11,21198,0,100,2516)
r(7,1347,0,100,2517)
r(19,21308,0,100,2518)
r(5,71170,0,100,2519)
r(2,1348,0,100,2520)
r(0,1349,0,100,2521)
r(9,1303,0,100,2522)
r(5,71170,0,100,2523)
r(4,71172,0,100,2524)
r(15,51184,0,103,2575)
r(2,51202,0,103,2576)
r(3,51209,0,103,2577)
r(5,91415,0,103,2578)
r(0,51216,0,103,2579)
r(0,51216,0,103,2580)
r(9,1303,0,103,2581)
r(3,51209,0,103,2582)
r(15,51184,0,103,2583)
r(8,51194,0,103,2584)
r(0,51216,0,103,2585)
r(10,51215,0,103,2586)
r(13,91410,0,103,2587)
r(16,91412,0,103,2588)
w(12,1375,0,103,2589)
w(1,1376,0,103,2590)
w(1,1377,0,103,2591)
w(1,1378,0,103,2592)
w(1,1379,0,103,2593)
w(2,1380,0,103,2594)
w(16,1381,0,103,2595)
w(17,1382,0,103,2596)
w(12,1383,0,103,2597)
w(1,1384,0,103,2598)
w(14,1385,0,103,2599)
r(1,1384,0,104,2600)
r(4,51211,0,104,2601)
r(0,41266,0,104,2602)
r(7,41263,0,104,2603)
r(12,1383,0,104,2604)
r(2,1380,0,104,2605)
r(15,51184,0,104,2606)
r(7,41263,0,104,2607)
r(10,41262,0,104,2608)
r(13,91410,0,104,2609)
r(0,41266,0,104,2610)
r(11,41260,0,104,2611)
r(18,51208,0,104,2612)
r(7,41263,0,104,2613)
r(3,51209,0,104,2614)
r(1,1384,0,104,2615)
r(16,1381,0,104,2616)
r(7,41263,0,104,2617)
r(19,41257,0,104,2618)
r(2,1380,0,104,2619)
r(1,1384,0,104,2620)
r(2,1380,0,104,2621)
r(6,51210,0,104,2622)
r(3,51209,0,104,2623)
r(3,51209,0,104,2624)
w(0,1411,0,107,2675)
w(12,1412,0,107,2676)
w(10,1413,0,107,2677)
w(12,1414,0,107,2678)
w(1,1415,0,107,2679)
w(2,1416,0,107,2680)
w(0,1417,0,107,2681)
w(9,1418,0,107,2682)
w(9,1419,0,107,2683)
w(19,1420,0,107,2684)
w(0,1421,0,107,2685)
w(0,1422,0,107,2686)
w(16,1423,0,107,2687)
w(4,1424,0,107,2688)
w(3,1425,0,107,2689)
w(2,1426,0,107,2690)
w(4,1427,0,107,2691)
w(1,1428,0,107,2692)
w(2,1429,0,107,2693)
w(18,1430,0,107,2694)
w(18,1431,0,107,2695)
w(0,1432,0,107,2696)
w(10,1433,0,107,2697)
w(4,1434,0,107,2698)
w(0,1435,0,107,2699)
r(1,91541,0,114,2850)
r(2,91545,0,114,2851)
r(15,71337,0,114,2852)
r(0,91549,0,114,2853)
r(5,61497,0,114,2854)
r(1,91541,0,114,2855)
r(1,91541,0,114,2856)
r(7,91546,0,114,2857)
r(4,61498,0,114,2858)
r(6,71333,0,114,2859)
r(12,71346,0,114,2860)
r(7,91546,0,114,2861)
r(10,91547,0,114,2862)
r(3,61495,0,114,2863)
r(6,71333,0,114,2864)
r(12,71346,0,114,2865)
r(19,91540,0,114,2866)
r(0,91549,0,114,2867)
r(0,91549,0,114,2868)
r(7,91546,0,114,2869)
r(0,91549,0,114,2870)
r(1,91541,0,114,2871)
r(4,61498,0,114,2872)
r(7,91546,0,114,2873)
r(12,71346,0,114,2874)
r(2,91545,0,115,2875)
r(0,61505,0,115,2876)
r(0,61505,0,115,2877)
r(1,61502,0,115,2878)
r(0,61505,0,115,2879)
r(2,91545,0,115,2880)
r(1,61502,0,115,2881)
r(0,61505,0,115,2882)
r(12,71346,0,115,2883)
r(7,91546,0,115,2884)
r(4,61498,0,115,2885)
r(17,91543,0,115,2886)
r(18,91538,0,115,2887)
r(0,61505,0,115,2888)
r(2,91545,0,115,2889)
r(7,91546,0,115,2890)
r(0,61505,0,115,2891)
r(0,61505,0,115,2892)
r(1,61502,0,115,2893)
r(4,61498,0,115,2894)
r(16,91539,0,115,2895)
r(1,61502,0,115,2896)
r(0,61505,0,115,2897)
r(2,91545,0,115,2898)
r(6,61501,0,115,2899)
w(9,1534,0,116,2900)
w(4,1535,0,116,2901)
w(18,1536,0,116,2902)
w(0,1537,0,116,2903)
w(0,1538,0,116,2904)
w(0,1539,0,116,2905)
w(0,1540,0,116,2906)
w(4,1541,0,116,2907)
w(0,1542,0,116,2908)
w(0,1543,0,116,2909)
w(8,1544,0,116,2910)
w(0,1545,0,116,2911)
w(5,1546,0,116,2912)
w(12,1547,0,116,2913)
w(10,1548,0,116,2914)
w(12,1549,0,116,2915)
w(14,1550,0,116,2916)
w(1,1551,0,116,2917)
w(1,1552,0,116,2918)
w(3,1553,0,116,2919)
w(10,1554,0,116,2920)
w(6,1555,0,116,2921)
w(19,1556,0,116,2922)
w(5,1557,0,116,2923)
w(3,1558,0,116,2924)
r(6,51477,0,123,3075)
r(0,51478,0,123,3076)
r(4,51471,0,123,3077)
r(2,71499,0,123,3078)
r(0,51478,0,123,3079)
r(0,51478,0,123,3080)
r(0,51478,0,123,3081)
r(2,71499,0,123,3082)
r(1,51481,0,123,3083)
r(0,51478,0,123,3084)
r(1,51481,0,123,3085)
r(17,21528,0,123,3086)
r(7,51480,0,123,3087)
r(15,91596,0,123,3088)
r(17,21528,0,123,3089)
r(13,71433,0,123,3090)
r(3,51474,0,123,3091)
r(0,51478,0,123,3092)
r(0,51478,0,123,3093)
r(1,51481,0,123,3094)
r(12,31463,0,123,3095)
r(3,51474,0,123,3096)
r(0,51478,0,123,3097)
r(2,71499,0,123,3098)
r(0,51478,0,123,3099)
r(15,31570,0,126,3150)
r(0,41635,0,126,3151)
r(7,81629,0,126,3152)
r(18,21679,0,126,3153)
r(0,41635,0,126,3154)
r(3,41639,0,126,3155)
r(5,41632,0,126,3156)
r(3,41639,0,126,3157)
r(2,41638,0,126,3158)
r(2,41638,0,126,3159)
r(15,31570,0,126,3160)
r(0,41635,0,126,3161)
r(0,41635,0,126,3162)
r(8,41633,0,126,3163)
r(0,41635,0,126,3164)
r(0,41635,0,126,3165)
r(0,41635,0,126,3166)
r(2,41638,0,126,3167)
r(1,41637,0,126,3168)
r(1,41637,0,126,3169)
r(3,41639,0,126,3170)
r(0,41635,0,126,3171)
r(3,41639,0,126,3172)
r(0,41635,0,126,3173)
r(0,41635,0,126,3174)
r(3,11504,0,130,3250)
r(2,51581,0,130,3251)
r(6,11500,0,130,3252)
r(1,51578,0,130,3253)
r(8,21713,0,130,3254)
r(0,11506,0,130,3255)
r(17,61704,0,130,3256)
r(1,51578,0,130,3257)
r(5,11507,0,130,3258)
r(4,11503,0,130,3259)
r(1,51578,0,130,3260)
r(4,11503,0,130,3261)
r(2,51581,0,130,3262)
r(6,11500,0,130,3263)
r(17,61704,0,130,3264)
r(6,11500,0,130,3265)
r(2,51581,0,130,3266)
r(5,11507,0,130,3267)
r(17,61704,0,130,3268)
r(0,11506,0,130,3269)
r(3,11504,0,130,3270)
r(19,41693,0,130,3271)
r(0,11506,0,130,3272)
r(3,11504,0,130,3273)
r(0,11506,0,130,3274)
r(0,11639,0,137,3425)
r(2,11636,0,137,3426)
r(5,11615,0,137,3427)
r(7,11596,0,137,3428)
r(10,61836,0,137,3429)
r(6,11629,0,137,3430)
r(7,11596,0,137,3431)
r(9,11622,0,137,3432)
r(3,11604,0,137,3433)
r(16,11595,0,137,3434)
r(17,11630,0,137,3435)
r(10,61836,0,137,3436)
r(5,11615,0,137,3437)
r(10,61836,0,137,3438)
r(1,11632,0,137,3439)
r(1,11632,0,137,3440)
r(0,11639,0,137,3441)
r(0,11639,0,137,3442)
r(17,11630,0,137,3443)
r(11,11600,0,137,3444)
r(0,11639,0,137,3445)
r(15,11634,0,137,3446)
r(1,11632,0,137,3447)
r(3,11604,0,137,3448)
r(0,11639,0,137,3449)
r(0,91979,0,141,3525)
r(3,41912,0,141,3526)
r(19,51742,0,141,3527)
r(19,51742,0,141,3528)
r(7,51745,0,141,3529)
r(1,91967,0,141,3530)
r(0,91979,0,141,3531)
r(11,41911,0,141,3532)
r(0,91979,0,141,3533)
r(1,91967,0,141,3534)
r(1,91967,0,141,3535)
r(9,41914,0,141,3536)
r(1,91967,0,141,3537)
r(2,91976,0,141,3538)
r(7,51745,0,141,3539)
r(0,91979,0,141,3540)
r(9,41914,0,141,3541)
r(0,91979,0,141,3542)
r(7,51745,0,141,3543)
r(1,91967,0,141,3544)
r(0,91979,0,141,3545)
r(6,91971,0,141,3546)
r(3,41912,0,141,3547)
r(10,51743,0,141,3548)
r(12,91978,0,141,3549)
w(10,1912,0,144,3600)
w(0,1913,0,144,3601)
w(2,1914,0,144,3602)
w(0,1915,0,144,3603)
w(11,1916,0,144,3604)
w(0,1917,0,144,3605)
w(0,1918,0,144,3606)
w(2,1919,0,144,3607)
w(0,1920,0,144,3608)
w(8,1921,0,144,3609)
w(1,1922,0,144,3610)
w(3,1923,0,144,3611)
w(3,1924,0,144,3612)
w(0,1925,0,144,3613)
w(1,1926,0,144,3614)
w(1,1927,0,144,3615)
w(6,1928,0,144,3616)
w(6,1929,0,144,3617)
w(5,1930,0,144,3618)
w(2,1931,0,144,3619)
w(19,1932,0,144,3620)
w(1,1933,0,144,3621)
w(0,1934,0,144,3622)
w(1,1935,0,144,3623)
w(11,1936,0,144,3624)
r(0,81916,0,146,3650)
r(0,81916,0,146,3651)
r(0,81916,0,146,3652)
r(1,81906,0,146,3653)
r(1,81906,0,146,3654)
r(2,81903,0,146,3655)
r(4,81912,0,146,3656)
r(8,81913,0,146,3657)
r(0,81916,0,146,3658)
r(0,81916,0,146,3659)
r(3,81915,0,146,3660)
r(7,51784,0,146,3661)
r(1,81906,0,146,3662)
r(3,81915,0,146,3663)
r(0,81916,0,146,3664)
r(18,91992,0,146,3665)
r(4,81912,0,146,3666)
r(1,81906,0,146,3667)
r(7,51784,0,146,3668)
r(1,81906,0,146,3669)
r(2,81903,0,146,3670)
r(1,81906,0,146,3671)
r(5,81910,0,146,3672)
r(17,51779,0,146,3673)
r(3,81915,0,146,3674)
r(1,31881,0,149,3725)
r(0,31883,0,149,3726)
r(0,31883,0,149,3727)
r(1,31881,0,149,3728)
r(5,31884,0,149,3729)
r(4,11762,0,149,3730)
r(0,31883,0,149,3731)
r(4,11762,0,149,3732)
r(14,81904,0,149,3733)
r(2,92045,0,149,3734)
r(2,92045,0,149,3735)
r(1,31881,0,149,3736)
r(5,31884,0,149,3737)
r(11,31885,0,149,3738)
r(9,92033,0,149,3739)
r(13,31875,0,149,3740)
r(15,11749,0,149,3741)
r(0,31883,0,149,3742)
r(2,92045,0,149,3743)
r(15,11749,0,149,3744)
r(15,11749,0,149,3745)
r(12,51786,0,149,3746)
r(8,11763,0,149,3747)
r(11,31885,0,149,3748)
r(7,31878,0,149,3749)
r(1,92106,0,152,3800)
r(2,92103,0,152,3801)
r(0,92108,0,152,3802)
r(0,92108,0,152,3803)
r(3,92107,0,152,3804)
r(2,92103,0,152,3805)
r(0,92108,0,152,3806)
r(19,21999,0,152,3807)
r(1,92106,0,152,3808)
r(1,92106,0,152,3809)
r(0,92108,0,152,3810)
r(1,92106,0,152,3811)
r(0,92108,0,152,3812)
r(0,92108,0,152,3813)
r(0,92108,0,152,3814)
w(14,2018,0,152,3815)
w(8,2019,0,152,3816)
w(16,2020,0,152,3817)
w(4,2021,0,152,3818)
w(2,2022,0,152,3819)
w(1,2023,0,152,3820)
w(5,2024,0,152,3821)
w(11,2025,0,152,3822)
w(0,2026,0,152,3823)
w(0,2027,0,152,3824)
r(3,92107,0,153,3825)
r(0,2027,0,153,3826)
r(0,2027,0,153,3827)
r(5,2024,0,153,3828)
r(0,2027,0,153,3829)
r(0,2027,0,153,3830)
r(0,2027,0,153,3831)
r(0,2027,0,153,3832)
r(1,2023,0,153,3833)
r(3,92107,0,153,3834)
r(4,2021,0,153,3835)
r(3,92107,0,153,3836)
r(1,2023,0,153,3837)
w(0,2028,0,153,3838)
w(0,2029,0,153,3839)
w(1,2030,0,153,3840)
w(14,2031,0,153,3841)
w(19,2032,0,153,3842)
w(3,2033,0,153,3843)
w(14,2034,0,153,3844)
w(0,2035,0,153,3845)
w(1,2036,0,153,3846)
w(1,2037,0,153,3847)
w(5,2038,0,153,3848)
w(7,2039,0,153,3849)
r(1,2037,0,155,3875)
r(4,2021,0,155,3876)
r(10,81991,0,155,3877)
r(17,51892,0,155,3878)
r(3,2033,0,155,3879)
r(4,2021,0,155,3880)
r(0,2035,0,155,3881)
r(3,2033,0,155,3882)
r(2,81986,0,155,3883)
r(0,2035,0,155,3884)
r(2,81986,0,155,3885)
r(17,51892,0,155,3886)
r(5,2038,0,155,3887)
r(1,2037,0,155,3888)
r(0,2035,0,155,3889)
r(2,81986,0,155,3890)
r(5,2038,0,155,3891)
r(0,2035,0,155,3892)
r(12,92111,0,155,3893)
r(1,2037,0,155,3894)
r(10,81991,0,155,3895)
r(13,31875,0,155,3896)
r(3,2033,0,155,3897)
r(5,2038,0,155,3898)
r(11,2025,0,155,3899)
r(0,71919,0,156,3900)
r(15,51881,0,156,3901)
r(0,71919,0,156,3902)
r(0,71919,0,156,3903)
r(12,92111,0,156,3904)
r(3,71922,0,156,3905)
r(4,71912,0,156,3906)
r(1,71921,0,156,3907)
r(10,81991,0,156,3908)
r(0,71919,0,156,3909)
r(3,71922,0,156,3910)
r(0,71919,0,156,3911)
r(0,71919,0,156,3912)
r(0,71919,0,156,3913)
r(1,71921,0,156,3914)
r(0,71919,0,156,3915)
r(4,71912,0,156,3916)
r(12,92111,0,156,3917)
r(1,71921,0,156,3918)
r(2,81986,0,156,3919)
r(1,71921,0,156,3920)
r(2,81986,0,156,3921)
r(7,2039,0,156,3922)
r(0,71919,0,156,3923)
r(0,71919,0,156,3924)
r(0,71919,0,157,3925)
r(19,2032,0,157,3926)
r(0,71919,0,157,3927)
r(0,71919,0,157,3928)
r(5,2038,0,157,3929)
r(2,81986,0,157,3930)
r(0,71919,0,157,3931)
r(2,81986,0,157,3932)
r(14,2034,0,157,3933)
r(0,71919,0,157,3934)
r(3,71922,0,157,3935)
r(2,81986,0,157,3936)
r(1,71921,0,157,3937)
r(1,71921,0,157,3938)
r(0,71919,0,157,3939)
r(1,71921,0,157,3940)
r(0,71919,0,157,3941)
r(14,2034,0,157,3942)
r(0,71919,0,157,3943)
r(10,81991,0,157,3944)
r(0,71919,0,157,3945)
r(16,2020,0,157,3946)
r(0,71919,0,157,3947)
r(6,81984,0,157,3948)
r(3,71922,0,157,3949)
r(2,62037,0,158,3950)
r(13,62031,0,158,3951)
r(7,62039,0,158,3952)
r(0,62041,0,158,3953)
r(0,62041,0,158,3954)
r(5,62030,0,158,3955)
r(9,51879,0,158,3956)
r(3,71922,0,158,3957)
r(14,62033,0,158,3958)
r(1,62038,0,158,3959)
r(2,62037,0,158,3960)
r(7,62039,0,158,3961)
r(5,62030,0,158,3962)
r(0,62041,0,158,3963)
r(15,51881,0,158,3964)
r(2,62037,0,158,3965)
r(4,71912,0,158,3966)
r(5,62030,0,158,3967)
r(16,62035,0,158,3968)
r(0,62041,0,158,3969)
r(9,51879,0,158,3970)
r(10,81991,0,158,3971)
r(2,62037,0,158,3972)
r(11,2025,0,158,3973)
r(1,62038,0,158,3974)
r(0,62041,0,159,3975)
r(1,62038,0,159,3976)
r(1,62038,0,159,3977)
r(3,71922,0,159,3978)
r(11,2025,0,159,3979)
r(7,62039,0,159,3980)
r(1,62038,0,159,3981)
r(18,71914,0,159,3982)
r(9,51879,0,159,3983)
r(18,71914,0,159,3984)
r(6,81984,0,159,3985)
r(1,62038,0,159,3986)
r(0,62041,0,159,3987)
r(1,62038,0,159,3988)
w(11,2053,0,159,3989)
w(6,2054,0,159,3990)
w(0,2055,0,159,3991)
w(8,2056,0,159,3992)
w(0,2057,0,159,3993)
w(1,2058,0,159,3994)
w(7,2059,0,159,3995)
w(8,2060,0,159,3996)
w(16,2061,0,159,3997)
w(15,2062,0,159,3998)
w(13,2063,0,159,3999)
r(5,62060,0,163,4075)
r(9,62068,0,163,4076)
r(10,62066,0,163,4077)
r(1,62080,0,163,4078)
r(9,62068,0,163,4079)
r(11,51994,0,163,4080)
r(0,62081,0,163,4081)
r(1,62080,0,163,4082)
r(8,2060,0,163,4083)
r(0,62081,0,163,4084)
r(3,51996,0,163,4085)
r(15,62065,0,163,4086)
r(11,51994,0,163,4087)
r(0,62081,0,163,4088)
r(1,62080,0,163,4089)
r(0,62081,0,163,4090)
r(0,62081,0,163,4091)
r(2,62076,0,163,4092)
r(5,62060,0,163,4093)
r(7,82035,0,163,4094)
r(4,62082,0,163,4095)
r(19,11839,0,163,4096)
r(14,62033,0,163,4097)
r(0,62081,0,163,4098)
r(4,62082,0,163,4099)
w(0,2192,0,168,4200)
w(2,2193,0,168,4201)
w(0,2194,0,168,4202)
w(19,2195,0,168,4203)
w(0,2196,0,168,4204)
w(17,2197,0,168,4205)
w(2,2198,0,168,4206)
w(13,2199,0,168,4207)
w(0,2200,0,168,4208)
w(2,2201,0,168,4209)
w(4,2202,0,168,4210)
w(2,2203,0,168,4211)
w(15,2204,0,168,4212)
w(0,2205,0,168,4213)
w(0,2206,0,168,4214)
w(3,2207,0,168,4215)
w(1,2208,0,168,4216)
w(3,2209,0,168,4217)
w(0,2210,0,168,4218)
w(0,2211,0,168,4219)
w(3,2212,0,168,4220)
w(18,2213,0,168,4221)
w(1,2214,0,168,4222)
w(0,2215,0,168,4223)
w(1,2216,0,168,4224)
r(15,62285,0,180,4500)
r(0,12163,0,180,4501)
r(0,12163,0,180,4502)
r(0,12163,0,180,4503)
r(3,12157,0,180,4504)
r(11,12148,0,180,4505)
r(1,12159,0,180,4506)
r(1,12159,0,180,4507)
r(3,12157,0,180,4508)
r(0,12163,0,180,4509)
r(16,32270,0,180,4510)
r(5,12167,0,180,4511)
r(18,12165,0,180,4512)
r(6,32265,0,180,4513)
r(0,12163,0,180,4514)
r(2,12164,0,180,4515)
r(15,62285,0,180,4516)
r(15,62285,0,180,4517)
r(0,12163,0,180,4518)
r(17,62283,0,180,4519)
r(0,12163,0,180,4520)
r(2,12164,0,180,4521)
r(2,12164,0,180,4522)
r(4,12166,0,180,4523)
r(8,12149,0,180,4524)
r(0,12163,0,181,4525)
r(0,12163,0,181,4526)
r(6,32265,0,181,4527)
r(8,12149,0,181,4528)
r(3,12157,0,181,4529)
r(5,12167,0,181,4530)
r(1,12159,0,181,4531)
r(4,12166,0,181,4532)
r(3,12157,0,181,4533)
w(1,2386,0,181,4534)
w(5,2387,0,181,4535)
w(0,2388,0,181,4536)
w(4,2389,0,181,4537)
w(0,2390,0,181,4538)
w(4,2391,0,181,4539)
w(0,2392,0,181,4540)
w(10,2393,0,181,4541)
w(0,2394,0,181,4542)
w(6,2395,0,181,4543)
w(6,2396,0,181,4544)
w(8,2397,0,181,4545)
w(5,2398,0,181,4546)
w(0,2399,0,181,4547)
w(9,2400,0,181,4548)
w(0,2401,0,181,4549)
r(4,2391,0,182,4550)
r(0,2401,0,182,4551)
r(4,2391,0,182,4552)
r(0,2401,0,182,4553)
r(12,12152,0,182,4554)
r(3,12157,0,182,4555)
r(19,42367,0,182,4556)
r(1,2386,0,182,4557)
r(0,2401,0,182,4558)
r(0,2401,0,182,4559)
r(1,2386,0,182,4560)
r(11,12148,0,182,4561)
r(14,22407,0,182,4562)
r(4,2391,0,182,4563)
r(1,2386,0,182,4564)
r(8,2397,0,182,4565)
r(5,2398,0,182,4566)
r(1,2386,0,182,4567)
r(10,2393,0,182,4568)
r(14,22407,0,182,4569)
r(0,2401,0,182,4570)
r(2,12164,0,182,4571)
r(2,12164,0,182,4572)
r(0,2401,0,182,4573)
r(5,2398,0,182,4574)
r(1,2386,0,183,4575)
r(0,2401,0,183,4576)
r(2,12164,0,183,4577)
r(18,12165,0,183,4578)
r(7,12156,0,183,4579)
r(0,2401,0,183,4580)
r(13,92462,0,183,4581)
r(0,2401,0,183,4582)
r(0,2401,0,183,4583)
r(0,2401,0,183,4584)
r(1,2386,0,183,4585)
r(5,2398,0,183,4586)
w(3,2402,0,183,4587)
w(4,2403,0,183,4588)
w(16,2404,0,183,4589)
w(0,2405,0,183,4590)
w(0,2406,0,183,4591)
w(3,2407,0,183,4592)
w(19,2408,0,183,4593)
w(8,2409,0,183,4594)
w(7,2410,0,183,4595)
w(2,2411,0,183,4596)
w(0,2412,0,183,4597)
w(14,2413,0,183,4598)
w(9,2414,0,183,4599)
r(0,2412,0,184,4600)
r(15,62285,0,184,4601)
r(1,2386,0,184,4602)
r(3,2407,0,184,4603)
r(0,2412,0,184,4604)
r(19,2408,0,184,4605)
r(8,2409,0,184,4606)
r(4,2403,0,184,4607)
r(7,2410,0,184,4608)
r(10,2393,0,184,4609)
r(2,2411,0,184,4610)
r(1,2386,0,184,4611)
r(5,2398,0,184,4612)
r(0,2412,0,184,4613)
r(0,2412,0,184,4614)
r(0,2412,0,184,4615)
r(5,2398,0,184,4616)
r(13,92462,0,184,4617)
r(3,2407,0,184,4618)
r(10,2393,0,184,4619)
r(2,2411,0,184,4620)
r(0,2412,0,184,4621)
r(4,2403,0,184,4622)
r(2,2411,0,184,4623)
r(6,2396,0,184,4624)
r(2,2411,0,185,4625)
r(2,2411,0,185,4626)
r(1,2386,0,185,4627)
r(1,2386,0,185,4628)
r(1,2386,0,185,4629)
r(11,12148,0,185,4630)
r(15,62285,0,185,4631)
r(2,2411,0,185,4632)
r(2,2411,0,185,4633)
r(18,12165,0,185,4634)
r(4,2403,0,185,4635)
r(3,2407,0,185,4636)
r(3,2407,0,185,4637)
r(0,2412,0,185,4638)
r(0,2412,0,185,4639)
r(5,2398,0,185,4640)
r(17,62283,0,185,4641)
r(0,2412,0,185,4642)
r(2,2411,0,185,4643)
r(0,2412,0,185,4644)
r(2,2411,0,185,4645)
r(1,2386,0,185,4646)
r(9,2414,0,185,4647)
r(11,12148,0,185,4648)
r(15,62285,0,185,4649)
r(4,12192,0,186,4650)
r(11,12186,0,186,4651)
r(1,12191,0,186,4652)
r(1,12191,0,186,4653)
r(0,12209,0,186,4654)
r(1,12191,0,186,4655)
r(1,12191,0,186,4656)
r(0,12209,0,186,4657)
r(0,12209,0,186,4658)
r(6,12195,0,186,4659)
r(5,12204,0,186,4660)
r(0,12209,0,186,4661)
r(0,12209,0,186,4662)
r(6,12195,0,186,4663)
r(1,12191,0,186,4664)
w(0,2415,0,186,4665)
w(12,2416,0,186,4666)
w(3,2417,0,186,4667)
w(2,2418,0,186,4668)
w(0,2419,0,186,4669)
w(12,2420,0,186,4670)
w(8,2421,0,186,4671)
w(15,2422,0,186,4672)
w(13,2423,0,186,4673)
w(2,2424,0,186,4674)
r(1,12191,0,187,4675)
r(4,12192,0,187,4676)
r(6,12195,0,187,4677)
r(7,12187,0,187,4678)
r(3,2417,0,187,4679)
r(3,2417,0,187,4680)
r(0,2419,0,187,4681)
r(0,2419,0,187,4682)
r(6,12195,0,187,4683)
r(0,2419,0,187,4684)
r(2,2424,0,187,4685)
r(7,12187,0,187,4686)
r(11,12186,0,187,4687)
r(7,12187,0,187,4688)
r(0,2419,0,187,4689)
r(2,2424,0,187,4690)
r(16,2404,0,187,4691)
r(3,2417,0,187,4692)
r(0,2419,0,187,4693)
r(1,12191,0,187,4694)
r(0,2419,0,187,4695)
r(1,12191,0,187,4696)
r(0,2419,0,187,4697)
r(0,2419,0,187,4698)
r(8,2421,0,187,4699)
r(3,82423,0,188,4700)
r(6,12195,0,188,4701)
r(0,82428,0,188,4702)
r(2,2424,0,188,4703)
r(7,82421,0,188,4704)
r(9,82426,0,188,4705)
r(2,2424,0,188,4706)
r(0,82428,0,188,4707)
r(0,82428,0,188,4708)
r(6,12195,0,188,4709)
r(13,2423,0,188,4710)
w(7,2425,0,188,4711)
w(12,2426,0,188,4712)
w(3,2427,0,188,4713)
w(9,2428,0,188,4714)
w(0,2429,0,188,4715)
w(0,2430,0,188,4716)
w(4,2431,0,188,4717)
w(1,2432,0,188,4718)
w(0,2433,0,188,4719)
w(0,2434,0,188,4720)
w(0,2435,0,188,4721)
w(2,2436,0,188,4722)
w(19,2437,0,188,4723)
w(3,2438,0,188,4724)
r(3,2438,0,189,4725)
r(0,2435,0,189,4726)
r(3,2438,0,189,4727)
r(10,2393,0,189,4728)
r(12,2426,0,189,4729)
r(2,2436,0,189,4730)
r(5,22514,0,189,4731)
r(1,2432,0,189,4732)
r(0,2435,0,189,4733)
r(0,2435,0,189,4734)
r(5,22514,0,189,4735)
r(0,2435,0,189,4736)
r(11,22516,0,189,4737)
r(1,2432,0,189,4738)
r(0,2435,0,189,4739)
r(8,42466,0,189,4740)
r(0,2435,0,189,4741)
r(0,2435,0,189,4742)
r(1,2432,0,189,4743)
r(9,2428,0,189,4744)
r(1,2432,0,189,4745)
r(2,2436,0,189,4746)
r(5,22514,0,189,4747)
r(2,2436,0,189,4748)
r(10,2393,0,189,4749)
r(0,92726,0,199,4975)
r(5,92724,0,199,4976)
r(12,82538,0,199,4977)
r(15,92716,0,199,4978)
r(2,82555,0,199,4979)
r(2,82555,0,199,4980)
r(3,92707,0,199,4981)
r(0,92726,0,199,4982)
r(1,92725,0,199,4983)
r(2,82555,0,199,4984)
r(2,82555,0,199,4985)
r(0,92726,0,199,4986)
r(7,32446,0,199,4987)
r(15,92716,0,199,4988)
r(3,92707,0,199,4989)
r(19,92711,0,199,4990)
r(1,92725,0,199,4991)
r(2,82555,0,199,4992)
r(8,32480,0,199,4993)
r(13,92706,0,199,4994)
r(0,92726,0,199,4995)
r(2,82555,0,199,4996)
r(14,82557,0,199,4997)
r(0,92726,0,199,4998)
r(0,92726,0,199,4999)
r(5,92724,0,200,5000)
r(0,92726,0,200,5001)
r(12,82538,0,200,5002)
r(5,92724,0,200,5003)
r(7,32446,0,200,5004)
r(0,92726,0,200,5005)
r(1,92725,0,200,5006)
r(9,92709,0,200,5007)
r(10,92702,0,200,5008)
r(5,92724,0,200,5009)
w(10,2595,0,200,5010)
w(0,2596,0,200,5011)
w(1,2597,0,200,5012)
w(3,2598,0,200,5013)
w(0,2599,0,200,5014)
w(2,2600,0,200,5015)
w(0,2601,0,200,5016)
w(10,2602,0,200,5017)
w(5,2603,0,200,5018)
w(0,2604,0,200,5019)
w(3,2605,0,200,5020)
w(6,2606,0,200,5021)
w(0,2607,0,200,5022)
w(18,2608,0,200,5023)
w(0,2609,0,200,5024)
w(0,2610,0,201,5025)
w(8,2611,0,201,5026)
w(9,2612,0,201,5027)
w(0,2613,0,201,5028)
w(1,2614,0,201,5029)
w(0,2615,0,201,5030)
w(5,2616,0,201,5031)
w(1,2617,0,201,5032)
w(8,2618,0,201,5033)
w(1,2619,0,201,5034)
w(1,2620,0,201,5035)
w(10,2621,0,201,5036)
w(18,2622,0,201,5037)
w(3,2623,0,201,5038)
w(3,2624,0,201,5039)
w(0,2625,0,201,5040)
w(2,2626,0,201,5041)
w(7,2627,0,201,5042)
w(7,2628,0,201,5043)
w(2,2629,0,201,5044)
w(13,2630,0,201,5045)
w(4,2631,0,201,5046)
w(0,2632,0,201,5047)
w(0,2633,0,201,5048)
w(1,2634,0,201,5049)
r(0,92907,0,209,5225)
r(6,22858,0,209,5226)
r(0,92907,0,209,5227)
r(10,22861,0,209,5228)
r(0,92907,0,209,5229)
r(3,22855,0,209,5230)
r(1,22862,0,209,5231)
r(7,92901,0,209,5232)
r(1,22862,0,209,5233)
r(0,92907,0,209,5234)
r(0,92907,0,209,5235)
r(0,92907,0,209,5236)
r(7,92901,0,209,5237)
r(1,22862,0,209,5238)
r(1,22862,0,209,5239)
r(0,92907,0,209,5240)
r(4,22865,0,209,5241)
r(11,22864,0,209,5242)
r(5,92900,0,209,5243)
r(14,72595,0,209,5244)
r(0,92907,0,209,5245)
r(0,92907,0,209,5246)
r(1,22862,0,209,5247)
r(0,92907,0,209,5248)
r(4,22865,0,209,5249)
r(16,12615,0,215,5375)
r(8,72701,0,215,5376)
r(15,32826,0,215,5377)
r(8,72701,0,215,5378)
r(0,62740,0,215,5379)
r(0,62740,0,215,5380)
r(0,62740,0,215,5381)
r(3,62736,0,215,5382)
r(15,32826,0,215,5383)
r(0,62740,0,215,5384)
r(0,62740,0,215,5385)
r(0,62740,0,215,5386)
r(1,32822,0,215,5387)
r(1,32822,0,215,5388)
r(0,62740,0,215,5389)
r(5,62741,0,215,5390)
r(9,62744,0,215,5391)
r(2,62745,0,215,5392)
r(12,32823,0,215,5393)
r(3,62736,0,215,5394)
r(6,32827,0,215,5395)
r(6,32827,0,215,5396)
r(8,72701,0,215,5397)
r(9,62744,0,215,5398)
r(2,62745,0,215,5399)
r(0,62787,0,218,5450)
r(8,62776,0,218,5451)
r(0,62787,0,218,5452)
r(0,62787,0,218,5453)
r(1,62790,0,218,5454)
r(2,62793,0,218,5455)
r(5,82850,0,218,5456)
r(1,62790,0,218,5457)
r(2,62793,0,218,5458)
r(5,82850,0,218,5459)
r(0,62787,0,218,5460)
r(0,62787,0,218,5461)
w(0,2831,0,218,5462)
w(5,2832,0,218,5463)
w(13,2833,0,218,5464)
w(9,2834,0,218,5465)
w(0,2835,0,218,5466)
w(2,2836,0,218,5467)
w(1,2837,0,218,5468)
w(16,2838,0,218,5469)
w(0,2839,0,218,5470)
w(0,2840,0,218,5471)
w(6,2841,0,218,5472)
w(18,2842,0,218,5473)
w(0,2843,0,218,5474)
r(4,62792,0,219,5475)
r(1,2837,0,219,5476)
r(3,62791,0,219,5477)
r(6,2841,0,219,5478)
r(0,2843,0,219,5479)
r(2,2836,0,219,5480)
r(0,2843,0,219,5481)
r(0,2843,0,219,5482)
r(4,62792,0,219,5483)
r(0,2843,0,219,5484)
r(3,62791,0,219,5485)
r(0,2843,0,219,5486)
r(3,62791,0,219,5487)
r(2,2836,0,219,5488)
r(1,2837,0,219,5489)
r(3,62791,0,219,5490)
r(2,2836,0,219,5491)
r(6,2841,0,219,5492)
r(15,32826,0,219,5493)
r(11,62794,0,219,5494)
r(5,2832,0,219,5495)
r(1,2837,0,219,5496)
r(0,2843,0,219,5497)
r(8,62776,0,219,5498)
r(3,62791,0,219,5499)
r(2,12720,0,222,5550)
r(5,12717,0,222,5551)
r(1,12719,0,222,5552)
r(0,12715,0,222,5553)
r(0,12715,0,222,5554)
r(13,42975,0,222,5555)
r(1,12719,0,222,5556)
r(3,42979,0,222,5557)
r(4,12716,0,222,5558)
r(5,12717,0,222,5559)
r(0,12715,0,222,5560)
r(0,12715,0,222,5561)
r(0,12715,0,222,5562)
r(0,12715,0,222,5563)
r(0,12715,0,222,5564)
r(1,12719,0,222,5565)
w(0,2880,0,222,5566)
w(0,2881,0,222,5567)
w(1,2882,0,222,5568)
w(4,2883,0,222,5569)
w(9,2884,0,222,5570)
w(1,2885,0,222,5571)
w(12,2886,0,222,5572)
w(6,2887,0,222,5573)
w(10,2888,0,222,5574)
r(0,2881,0,223,5575)
r(1,2885,0,223,5576)
r(3,42979,0,223,5577)
r(0,2881,0,223,5578)
r(0,2881,0,223,5579)
r(13,42975,0,223,5580)
r(0,2881,0,223,5581)
r(14,12709,0,223,5582)
r(0,2881,0,223,5583)
r(0,2881,0,223,5584)
r(4,2883,0,223,5585)
r(10,2888,0,223,5586)
r(0,2881,0,223,5587)
r(13,42975,0,223,5588)
r(1,2885,0,223,5589)
r(10,2888,0,223,5590)
r(1,2885,0,223,5591)
r(0,2881,0,223,5592)
r(0,2881,0,223,5593)
r(1,2885,0,223,5594)
r(5,12717,0,223,5595)
r(0,2881,0,223,5596)
r(5,12717,0,223,5597)
r(17,32902,0,223,5598)
r(19,32906,0,223,5599)
r(5,12717,0,224,5600)
r(12,2886,0,224,5601)
r(0,2881,0,224,5602)
r(11,72806,0,224,5603)
r(16,82916,0,224,5604)
r(0,2881,0,224,5605)
r(3,72814,0,224,5606)
r(5,12717,0,224,5607)
r(0,2881,0,224,5608)
r(1,72810,0,224,5609)
r(0,2881,0,224,5610)
r(2,12720,0,224,5611)
r(15,42959,0,224,5612)
r(1,72810,0,224,5613)
r(5,12717,0,224,5614)
r(10,2888,0,224,5615)
r(17,32902,0,224,5616)
r(0,2881,0,224,5617)
r(9,2884,0,224,5618)
r(14,12709,0,224,5619)
r(0,2881,0,224,5620)
r(1,72810,0,224,5621)
r(0,2881,0,224,5622)
r(3,72814,0,224,5623)
r(2,12720,0,224,5624)
r(0,72836,0,226,5650)
r(0,72836,0,226,5651)
r(1,72830,0,226,5652)
r(8,42972,0,226,5653)
r(0,72836,0,226,5654)
r(0,72836,0,226,5655)
r(2,62862,0,226,5656)
r(8,42972,0,226,5657)
w(3,2902,0,226,5658)
w(7,2903,0,226,5659)
w(4,2904,0,226,5660)
w(0,2905,0,226,5661)
w(0,2906,0,226,5662)
w(0,2907,0,226,5663)
w(0,2908,0,226,5664)
w(0,2909,0,226,5665)
w(4,2910,0,226,5666)
w(5,2911,0,226,5667)
w(13,2912,0,226,5668)
w(5,2913,0,226,5669)
w(13,2914,0,226,5670)
w(9,2915,0,226,5671)
w(0,2916,0,226,5672)
w(1,2917,0,226,5673)
w(2,2918,0,226,5674)
r(6,43055,0,229,5725)
r(0,43050,0,229,5726)
r(0,43050,0,229,5727)
r(2,43053,0,229,5728)
r(0,43050,0,229,5729)
r(6,43055,0,229,5730)
r(14,82945,0,229,5731)
r(1,43051,0,229,5732)
r(2,43053,0,229,5733)
r(6,43055,0,229,5734)
r(4,43035,0,229,5735)
r(7,43039,0,229,5736)
r(0,43050,0,229,5737)
r(7,43039,0,229,5738)
r(3,43049,0,229,5739)
r(8,43042,0,229,5740)
r(0,43050,0,229,5741)
r(0,43050,0,229,5742)
r(13,2914,0,229,5743)
r(0,43050,0,229,5744)
r(17,43054,0,229,5745)
r(1,43051,0,229,5746)
r(0,43050,0,229,5747)
r(0,43050,0,229,5748)
r(4,43035,0,229,5749)
r(1,43051,0,230,5750)
r(1,43051,0,230,5751)
r(0,43050,0,230,5752)
r(10,32971,0,230,5753)
r(2,43053,0,230,5754)
r(10,32971,0,230,5755)
r(2,43053,0,230,5756)
r(5,2913,0,230,5757)
r(0,43050,0,230,5758)
r(2,43053,0,230,5759)
r(12,43052,0,230,5760)
r(17,43054,0,230,5761)
r(1,43051,0,230,5762)
r(9,32970,0,230,5763)
w(1,2939,0,230,5764)
w(7,2940,0,230,5765)
w(4,2941,0,230,5766)
w(2,2942,0,230,5767)
w(0,2943,0,230,5768)
w(0,2944,0,230,5769)
w(1,2945,0,230,5770)
w(0,2946,0,230,5771)
w(0,2947,0,230,5772)
w(5,2948,0,230,5773)
w(6,2949,0,230,5774)
r(0,93148,0,232,5800)
r(12,93131,0,232,5801)
r(1,93144,0,232,5802)
r(1,93144,0,232,5803)
r(12,93131,0,232,5804)
r(2,93143,0,232,5805)
r(0,93148,0,232,5806)
r(4,93140,0,232,5807)
r(11,93132,0,232,5808)
r(13,93149,0,232,5809)
r(9,93136,0,232,5810)
r(2,93143,0,232,5811)
r(7,2940,0,232,5812)
r(11,93132,0,232,5813)
r(13,93149,0,232,5814)
r(0,93148,0,232,5815)
r(11,93132,0,232,5816)
r(3,93139,0,232,5817)
r(6,93135,0,232,5818)
r(0,93148,0,232,5819)
r(9,93136,0,232,5820)
r(2,93143,0,232,5821)
r(3,93139,0,232,5822)
r(0,93148,0,232,5823)
r(17,43054,0,232,5824)
r(0,12803,0,234,5850)
r(5,12804,0,234,5851)
r(0,12803,0,234,5852)
r(2,12802,0,234,5853)
r(2,12802,0,234,5854)
r(0,12803,0,234,5855)
r(7,12795,0,234,5856)
r(1,12798,0,234,5857)
r(11,83017,0,234,5858)
r(13,93149,0,234,5859)
r(5,12804,0,234,5860)
r(0,12803,0,234,5861)
r(18,62859,0,234,5862)
r(7,12795,0,234,5863)
r(0,12803,0,234,5864)
r(1,12798,0,234,5865)
r(6,12797,0,234,5866)
r(16,62911,0,234,5867)
r(4,83015,0,234,5868)
r(5,12804,0,234,5869)
r(2,12802,0,234,5870)
r(8,12805,0,234,5871)
r(1,12798,0,234,5872)
r(0,12803,0,234,5873)
r(0,12803,0,234,5874)
w(1,3034,0,239,5975)
w(5,3035,0,239,5976)
w(1,3036,0,239,5977)
w(0,3037,0,239,5978)
w(0,3038,0,239,5979)
w(7,3039,0,239,5980)
w(1,3040,0,239,5981)
w(13,3041,0,239,5982)
w(4,3042,0,239,5983)
w(1,3043,0,239,5984)
w(3,3044,0,239,5985)
w(1,3045,0,239,5986)
w(0,3046,0,239,5987)
w(0,3047,0,239,5988)
w(4,3048,0,239,5989)
w(9,3049,0,239,5990)
w(1,3050,0,239,5991)
w(0,3051,0,239,5992)
w(12,3052,0,239,5993)
w(1,3053,0,239,5994)
w(6,3054,0,239,5995)
w(4,3055,0,239,5996)
w(1,3056,0,239,5997)
w(0,3057,0,239,5998)
w(2,3058,0,239,5999)
r(3,3044,0,240,6000)
r(12,3052,0,240,6001)
r(0,3057,0,240,6002)
r(1,3056,0,240,6003)
r(2,3058,0,240,6004)
r(14,33070,0,240,6005)
r(1,3056,0,240,6006)
r(4,3055,0,240,6007)
r(2,3058,0,240,6008)
r(0,3057,0,240,6009)
r(10,33103,0,240,6010)
r(0,3057,0,240,6011)
r(0,3057,0,240,6012)
r(0,3057,0,240,6013)
w(1,3059,0,240,6014)
w(3,3060,0,240,6015)
w(6,3061,0,240,6016)
w(3,3062,0,240,6017)
w(2,3063,0,240,6018)
w(3,3064,0,240,6019)
w(5,3065,0,240,6020)
w(9,3066,0,240,6021)
w(8,3067,0,240,6022)
w(14,3068,0,240,6023)
w(2,3069,0,240,6024)
r(18,83092,0,241,6025)
r(0,12884,0,241,6026)
r(6,3061,0,241,6027)
r(1,3059,0,241,6028)
r(1,3059,0,241,6029)
r(16,83038,0,241,6030)
r(3,3064,0,241,6031)
r(1,3059,0,241,6032)
r(1,3059,0,241,6033)
r(3,3064,0,241,6034)
r(16,83038,0,241,6035)
r(2,3069,0,241,6036)
r(13,3041,0,241,6037)
r(11,33073,0,241,6038)
r(11,33073,0,241,6039)
r(2,3069,0,241,6040)
w(0,3070,0,241,6041)
w(1,3071,0,241,6042)
w(7,3072,0,241,6043)
w(2,3073,0,241,6044)
w(0,3074,0,241,6045)
w(0,3075,0,241,6046)
w(8,3076,0,241,6047)
w(5,3077,0,241,6048)
w(5,3078,0,241,6049)
r(0,3075,0,242,6050)
r(9,3066,0,242,6051)
r(3,3064,0,242,6052)
r(7,3072,0,242,6053)
r(3,3064,0,242,6054)
r(7,3072,0,242,6055)
r(9,3066,0,242,6056)
r(5,3078,0,242,6057)
r(8,3076,0,242,6058)
r(8,3076,0,242,6059)
r(19,33088,0,242,6060)
r(6,3061,0,242,6061)
r(1,3071,0,242,6062)
w(0,3079,0,242,6063)
w(0,3080,0,242,6064)
w(0,3081,0,242,6065)
w(0,3082,0,242,6066)
w(0,3083,0,242,6067)
w(1,3084,0,242,6068)
w(9,3085,0,242,6069)
w(6,3086,0,242,6070)
w(3,3087,0,242,6071)
w(9,3088,0,242,6072)
w(8,3089,0,242,6073)
w(3,3090,0,242,6074)
r(0,3083,0,243,6075)
r(2,43189,0,243,6076)
r(13,43198,0,243,6077)
r(1,3084,0,243,6078)
r(16,83038,0,243,6079)
r(8,3089,0,243,6080)
r(0,3083,0,243,6081)
r(2,43189,0,243,6082)
r(17,12899,0,243,6083)
r(2,43189,0,243,6084)
r(9,3088,0,243,6085)
r(3,3090,0,243,6086)
r(1,3084,0,243,6087)
r(1,3084,0,243,6088)
r(0,3083,0,243,6089)
r(5,3078,0,243,6090)
r(1,3084,0,243,6091)
r(0,3083,0,243,6092)
r(4,43193,0,243,6093)
r(0,3083,0,243,6094)
r(0,3083,0,243,6095)
r(4,43193,0,243,6096)
r(5,3078,0,243,6097)
r(14,3068,0,243,6098)
r(0,3083,0,243,6099)
r(14,63102,0,245,6125)
r(17,63111,0,245,6126)
r(3,63098,0,245,6127)
r(3,63098,0,245,6128)
r(0,63113,0,245,6129)
r(2,63109,0,245,6130)
r(0,63113,0,245,6131)
r(1,63108,0,245,6132)
r(0,63113,0,245,6133)
r(0,63113,0,245,6134)
r(1,63108,0,245,6135)
r(2,63109,0,245,6136)
r(0,63113,0,245,6137)
r(17,63111,0,245,6138)
r(2,63109,0,245,6139)
r(1,63108,0,245,6140)
r(8,63065,0,245,6141)
w(0,3103,0,245,6142)
w(17,3104,0,245,6143)
w(0,3105,0,245,6144)
w(13,3106,0,245,6145)
w(0,3107,0,245,6146)
w(2,3108,0,245,6147)
w(7,3109,0,245,6148)
w(9,3110,0,245,6149)
r(0,12977,0,248,6200)
r(1,12976,0,248,6201)
r(17,73089,0,248,6202)
r(1,12976,0,248,6203)
r(7,63133,0,248,6204)
r(7,63133,0,248,6205)
r(0,12977,0,248,6206)
r(1,12976,0,248,6207)
r(6,73092,0,248,6208)
r(14,93326,0,248,6209)
r(0,12977,0,248,6210)
r(6,73092,0,248,6211)
r(0,12977,0,248,6212)
r(0,12977,0,248,6213)
w(0,3137,0,248,6214)
w(0,3138,0,248,6215)
w(0,3139,0,248,6216)
w(5,3140,0,248,6217)
w(9,3141,0,248,6218)
w(10,3142,0,248,6219)
w(16,3143,0,248,6220)
w(13,3144,0,248,6221)
w(0,3145,0,248,6222)
w(12,3146,0,248,6223)
w(0,3147,0,248,6224)
r(2,33196,0,249,6225)
r(2,33196,0,249,6226)
r(2,33196,0,249,6227)
r(0,3147,0,249,6228)
r(0,3147,0,249,6229)
r(4,33192,0,249,6230)
r(2,33196,0,249,6231)
r(7,63133,0,249,6232)
r(19,63148,0,249,6233)
r(2,33196,0,249,6234)
r(1,12976,0,249,6235)
r(7,63133,0,249,6236)
r(18,93327,0,249,6237)
w(0,3148,0,249,6238)
w(14,3149,0,249,6239)
w(0,3150,0,249,6240)
w(2,3151,0,249,6241)
w(0,3152,0,249,6242)
w(1,3153,0,249,6243)
w(11,3154,0,249,6244)
w(6,3155,0,249,6245)
w(0,3156,0,249,6246)
w(7,3157,0,249,6247)
w(1,3158,0,249,6248)
w(2,3159,0,249,6249)
r(6,3155,0,250,6250)
r(0,3156,0,250,6251)
r(0,3156,0,250,6252)
r(10,3142,0,250,6253)
r(4,33222,0,250,6254)
r(2,3159,0,250,6255)
r(2,3159,0,250,6256)
r(0,3156,0,250,6257)
r(0,3156,0,250,6258)
r(10,3142,0,250,6259)
r(5,33213,0,250,6260)
r(3,33215,0,250,6261)
r(2,3159,0,250,6262)
r(2,3159,0,250,6263)
r(0,3156,0,250,6264)
r(6,3155,0,250,6265)
r(5,33213,0,250,6266)
r(13,33223,0,250,6267)
r(0,3156,0,250,6268)
r(6,3155,0,250,6269)
r(0,3156,0,250,6270)
r(1,3158,0,250,6271)
r(5,33213,0,250,6272)
r(0,3156,0,250,6273)
r(2,3159,0,250,6274)
r(1,13000,0,252,6300)
r(3,12999,0,252,6301)
r(9,3141,0,252,6302)
r(1,13000,0,252,6303)
r(3,12999,0,252,6304)
r(1,13000,0,252,6305)
r(3,12999,0,252,6306)
r(1,13000,0,252,6307)
r(0,13002,0,252,6308)
r(2,12998,0,252,6309)
r(0,13002,0,252,6310)
r(0,13002,0,252,6311)
w(19,3185,0,252,6312)
w(3,3186,0,252,6313)
w(3,3187,0,252,6314)
w(3,3188,0,252,6315)
w(8,3189,0,252,6316)
w(2,3190,0,252,6317)
w(16,3191,0,252,6318)
w(2,3192,0,252,6319)
w(5,3193,0,252,6320)
w(3,3194,0,252,6321)
w(15,3195,0,252,6322)
w(2,3196,0,252,6323)
w(4,3197,0,252,6324)
r(1,73182,0,254,6350)
r(13,33223,0,254,6351)
r(14,73161,0,254,6352)
r(12,13037,0,254,6353)
r(0,73183,0,254,6354)
r(0,73183,0,254,6355)
r(8,3189,0,254,6356)
r(3,73178,0,254,6357)
r(11,73177,0,254,6358)
r(13,33223,0,254,6359)
r(1,73182,0,254,6360)
r(0,73183,0,254,6361)
r(0,73183,0,254,6362)
r(0,73183,0,254,6363)
r(0,73183,0,254,6364)
w(11,3211,0,254,6365)
w(9,3212,0,254,6366)
w(0,3213,0,254,6367)
w(2,3214,0,254,6368)
w(1,3215,0,254,6369)
w(15,3216,0,254,6370)
w(19,3217,0,254,6371)
w(11,3218,0,254,6372)
w(0,3219,0,254,6373)
w(3,3220,0,254,6374)
r(6,73190,0,255,6375)
r(8,73189,0,255,6376)
r(14,73161,0,255,6377)
r(4,73176,0,255,6378)
r(1,3215,0,255,6379)
r(5,73165,0,255,6380)
r(4,73176,0,255,6381)
r(3,3220,0,255,6382)
r(0,3219,0,255,6383)
r(16,73188,0,255,6384)
r(0,3219,0,255,6385)
r(1,3215,0,255,6386)
r(0,3219,0,255,6387)
w(0,3221,0,255,6388)
w(0,3222,0,255,6389)
w(1,3223,0,255,6390)
w(2,3224,0,255,6391)
w(0,3225,0,255,6392)
w(4,3226,0,255,6393)
w(10,3227,0,255,6394)
w(7,3228,0,255,6395)
w(8,3229,0,255,6396)
w(0,3230,0,255,6397)
w(1,3231,0,255,6398)
w(7,3232,0,255,6399)
r(13,33223,0,256,6400)
r(4,3226,0,256,6401)
r(4,3226,0,256,6402)
r(1,3231,0,256,6403)
r(3,3220,0,256,6404)
r(0,3230,0,256,6405)
r(16,73188,0,256,6406)
w(17,3233,0,256,6407)
w(4,3234,0,256,6408)
w(0,3235,0,256,6409)
w(2,3236,0,256,6410)
w(2,3237,0,256,6411)
w(0,3238,0,256,6412)
w(3,3239,0,256,6413)
w(1,3240,0,256,6414)
w(2,3241,0,256,6415)
w(5,3242,0,256,6416)
w(0,3243,0,256,6417)
w(10,3244,0,256,6418)
w(8,3245,0,256,6419)
w(4,3246,0,256,6420)
w(2,3247,0,256,6421)
w(3,3248,0,256,6422)
w(15,3249,0,256,6423)
w(13,3250,0,256,6424)
w(1,3276,0,258,6450)
w(17,3277,0,258,6451)
w(7,3278,0,258,6452)
w(2,3279,0,258,6453)
w(1,3280,0,258,6454)
w(1,3281,0,258,6455)
w(1,3282,0,258,6456)
w(2,3283,0,258,6457)
w(1,3284,0,258,6458)
w(4,3285,0,258,6459)
w(8,3286,0,258,6460)
w(7,3287,0,258,6461)
w(0,3288,0,258,6462)
w(7,3289,0,258,6463)
w(2,3290,0,258,6464)
w(0,3291,0,258,6465)
w(1,3292,0,258,6466)
w(7,3293,0,258,6467)
w(0,3294,0,258,6468)
w(1,3295,0,258,6469)
w(0,3296,0,258,6470)
w(8,3297,0,258,6471)
w(1,3298,0,258,6472)
w(10,3299,0,258,6473)
w(19,3300,0,258,6474)
r(13,3250,0,260,6500)
r(8,3297,0,260,6501)
r(2,3290,0,260,6502)
r(1,3298,0,260,6503)
r(0,33324,0,260,6504)
r(0,33324,0,260,6505)
r(19,33328,0,260,6506)
r(3,3248,0,260,6507)
r(0,33324,0,260,6508)
r(2,3290,0,260,6509)
r(4,3285,0,260,6510)
r(3,3248,0,260,6511)
r(1,3298,0,260,6512)
r(12,33326,0,260,6513)
r(0,33324,0,260,6514)
r(6,93382,0,260,6515)
r(0,33324,0,260,6516)
r(3,3248,0,260,6517)
r(13,3250,0,260,6518)
r(5,3242,0,260,6519)
r(0,33324,0,260,6520)
r(2,3290,0,260,6521)
r(7,3293,0,260,6522)
r(0,33324,0,260,6523)
r(11,33276,0,260,6524)
r(1,3298,0,261,6525)
r(16,73188,0,261,6526)
r(0,33324,0,261,6527)
r(0,33324,0,261,6528)
r(0,33324,0,261,6529)
r(19,33328,0,261,6530)
r(5,3242,0,261,6531)
r(0,33324,0,261,6532)
r(16,73188,0,261,6533)
r(0,33324,0,261,6534)
r(5,3242,0,261,6535)
r(6,93382,0,261,6536)
r(16,73188,0,261,6537)
w(9,3326,0,261,6538)
w(7,3327,0,261,6539)
w(0,3328,0,261,6540)
w(10,3329,0,261,6541)
w(1,3330,0,261,6542)
w(19,3331,0,261,6543)
w(0,3332,0,261,6544)
w(0,3333,0,261,6545)
w(0,3334,0,261,6546)
w(4,3335,0,261,6547)
w(0,3336,0,261,6548)
w(5,3337,0,261,6549)
w(10,3377,0,265,6625)
w(0,3378,0,265,6626)
w(0,3379,0,265,6627)
w(12,3380,0,265,6628)
w(0,3381,0,265,6629)
w(19,3382,0,265,6630)
w(0,3383,0,265,6631)
w(3,3384,0,265,6632)
w(2,3385,0,265,6633)
w(1,3386,0,265,6634)
w(6,3387,0,265,6635)
w(2,3388,0,265,6636)
w(0,3389,0,265,6637)
w(0,3390,0,265,6638)
w(0,3391,0,265,6639)
w(0,3392,0,265,6640)
w(0,3393,0,265,6641)
w(0,3394,0,265,6642)
w(16,3395,0,265,6643)
w(0,3396,0,265,6644)
w(10,3397,0,265,6645)
w(0,3398,0,265,6646)
w(3,3399,0,265,6647)
w(3,3400,0,265,6648)
w(6,3401,0,265,6649)
r(4,33398,0,266,6650)
r(2,3388,0,266,6651)
r(0,3398,0,266,6652)
r(0,3398,0,266,6653)
r(2,3388,0,266,6654)
r(2,3388,0,266,6655)
r(6,3401,0,266,6656)
r(4,33398,0,266,6657)
r(11,33391,0,266,6658)
r(4,33398,0,266,6659)
r(12,3380,0,266,6660)
r(0,3398,0,266,6661)
w(0,3402,0,266,6662)
w(0,3403,0,266,6663)
w(0,3404,0,266,6664)
w(0,3405,0,266,6665)
w(7,3406,0,266,6666)
w(17,3407,0,266,6667)
w(0,3408,0,266,6668)
w(1,3409,0,266,6669)
w(6,3410,0,266,6670)
w(0,3411,0,266,6671)
w(10,3412,0,266,6672)
w(14,3413,0,266,6673)
w(6,3414,0,266,6674)
